9 0.9275334264804865 0.42161903345794877 0.1147574034947226 0.23252269334818115
11 0.7769366272779171 0.5620156721037224 0.10985169794763898 0.2230931493475449
11 0.8520229737831947 0.3317020107813129 0.08517769984749997 0.1696954293443631
12 0.6745506307932988 0.25700036075745036 0.06083101006798621 0.13036020934118148
16 0.6552583829775003 0.4012679814210415 0.07732883225631966 0.16804202267663584
16 0.3088905696228822 0.31835274737427083 0.06744468597979178 0.1460579346753632
16 0.13298072663298632 0.24366927868395374 0.06947865824437507 0.09921929734245412
9 0.0692461881639933 0.29057100334181774 0.09618793502986125 0.17294769867918128
9 0.49657175436840306 0.2947623480664969 0.0677719943004167 0.1601204346753633
23 0.29329997758291687 0.21897945603913457 0.06112195079743064 0.1428602093411815
19 0.23092857057281274 0.2908902713637713 0.07972648043270843 0.13682838534372682
4 0.16161683254066 0.3666255206874536 0.0831424211621529 0.14936474801081764
1 0.3377805954584378 0.4186618300445434 0.08841180262104179 0.1744192920114541
21 0.22097038269315988 0.1986118646960441 0.045532011967847286 0.07707157733927242
2 0.3590340803564585 0.22443057204804323 0.071950348023889 0.13829997867599958
8 0.4168829479476391 0.22666578138922472 0.06610039152687505 0.15541475334181776
18 0.4359251950978475 0.30655327605822463 0.06286628875333342 0.15069089067472685
20 0.5205560746568753 0.3856418867361332 0.07093336189159735 0.16171929734245402
7 0.7633773946610072 0.28146510610276804 0.08390614057694457 0.18217724801081764
7 0.6060194895507641 0.2991600414146781 0.07918227298576408 0.18056020401018139
5 0.5344886752462156 0.24599813140513307 0.04811280452090294 0.12083975867281786
6 0.5886676821800696 0.25834413741245094 0.050184450797430634 0.14273294000636333
22 0.47509549145062524 0.24452599073040618 0.05000261284152785 0.13492044000636333
14 0.764942507502535 0.4158219247692226 0.09081075721819473 0.21037497334499947