16 0.0109375 0.6125 0.021875 0.37421875
17 0.0546875 0.65546875 0.06328125 0.384375
16 0.16328125 0.6359375 0.07890625 0.396875
16 0.3078125 0.6671875 0.07734375 0.3609375
16 0.04375 0.33671875 0.06875 0.240625
16 0.20234375 0.35 0.05625 0.203125
16 0.26484375 0.3609375 0.06484375 0.2421875
16 0.33203125 0.36953125 0.06171875 0.22421875
16 0.3953125 0.365625 0.065625 0.20859375
16 0.45859375 0.3609375 0.05546875 0.1921875
17 0.12109375 0.328125 0.06875 0.20234375
17 0.240625 0.659375 0.0453125 0.37421875
20 0.48515625 0.1609375 0.05859375 0.2421875
20 0.5 0.38515625 0.0234375 0.18828125
20 0.54609375 0.3421875 0.05859375 0.11328125
20 0.6671875 0.18515625 0.06484375 0.22734375
20 0.67421875 0.35625 0.059375 0.09296875
9 0.5609375 0.6171875 0.0859375 0.43515625
9 0.64375 0.621875 0.08828125 0.425
9 0.7296875 0.6234375 0.09921875 0.4171875
9 0.8234375 0.6234375 0.09453125 0.42421875
9 0.91484375 0.6234375 0.103125 0.40703125
9 0.978125 0.621875 0.04296875 0.3859375
0 0.7296875 0.365625 0.04609375 0.0828125
1 0.78671875 0.35234375 0.06796875 0.1171875
1 0.853125 0.353125 0.06171875 0.11015625
1 0.96328125 0.34140625 0.0734375 0.14453125
0 0.89921875 0.3703125 0.0421875 0.078125
19 0.3828125 0.67109375 0.06328125 0.34921875
19 0.44453125 0.653125 0.08125 0.37890625
19 0.49375 0.6640625 0.02421875 0.33515625