8 0.81875 0.34609375 0.16796875 0.33203125
18 0.70546875 0.6640625 0.01875 0.040625
2 0.68671875 0.64453125 0.0171875 0.04140625
22 0.6640625 0.625 0.009375 0.03359375
17 0.67421875 0.63203125 0.01171875 0.034375
11 0.734375 0.65859375 0.040625 0.015625
19 0.75234375 0.64296875 0.0140625 0.028125
12 0.7046875 0.6328125 0.0171875 0.02109375
4 0.7265625 0.6375 0.0171875 0.0328125
9 0.71015625 0.60078125 0.01640625 0.02578125
16 0.68125 0.59921875 0.01484375 0.02265625
10 0.65625 0.61875 0.00859375 0.03125
16 0.74296875 0.66953125 0.03125 0.01640625
20 0.73984375 0.63203125 0.01328125 0.03046875
0 0.7578125 0.621875 0.00859375 0.01328125
20 0.82265625 0.6984375 0.046875 0.02421875
16 0.85390625 0.71015625 0.0421875 0.0140625
16 0.88359375 0.715625 0.02265625 0.01328125
14 0.725 0.6078125 0.0203125 0.025