17 0.26377734416239196 0.933355536504601 0.409339818181219 0.12078944274261402
16 0.295319444811015 0.8246821671095447 0.4270727889602258 0.15344244607659369
16 0.27847463839762354 0.6723702390799764 0.3895182418823251 0.14725634789336475
16 0.5970029013865623 0.9272182672496276 0.25704093262955985 0.06623000425206378
16 0.5994847934310432 0.7850307672496276 0.220113676947517 0.09598140606883483
16 0.595970055605908 0.7182259045225312 0.2625193652591197 0.11192514152496749
16 0.5940860016281484 0.6473872460378003 0.2436875446422686 0.10570709243335301
16 0.6046064902640627 0.580996971491993 0.22652731818121907 0.10586658909937299
16 0.6167031156694521 0.5136979011885513 0.20914890340856668 0.09352608576539315
17 0.6143637252498243 0.871191536794465 0.22035913879807012 0.11004390606883482
17 0.27959107914485826 0.7424914204435246 0.39832049756436805 0.11520912243917199
20 0.8293667569031541 0.48697667815025447 0.2624102711033185 0.10567514152496749
20 0.5956326850684871 0.4693897917954348 0.20073638555165907 0.05851335697722053
20 0.6456287309285719 0.420840850429947 0.12469208279171565 0.08195111485312837
20 0.8241549257329963 0.2939281798172445 0.24686709172016955 0.10908718394862209
20 0.6448628920477762 0.285939691945216 0.10278980925276535 0.07860297424624481
9 0.3596054561718055 0.40440174695588416 0.46788870373287816 0.16769613577509154
9 0.36269527435302457 0.3167742011982496 0.4554432508107789 0.16980076971401523
9 0.37208963961214425 0.225511472410077 0.4509193920444809 0.1787931324411116
9 0.3816340093354908 0.1256549936219043 0.45555234496658026 0.1760507697140153
9 0.3917959878251354 0.06004493757246602 0.4382830243497292 0.12008987514493204
9 0.4004539675325959 0.010714617269024274 0.4084670649348082 0.02142923453804855
0 0.6412117865278891 0.2269473292181196 0.09160684740221221 0.06364765394280311
1 0.6617657942385269 0.16675925724768798 0.13113299756436803 0.09339879788366642
1 0.6684482167218171 0.09678159709596706 0.1216216298696164 0.08482102333785921
1 0.6921778173704402 0.015562258624813807 0.15906708279171564 0.031124517249627615
0 0.655258469968228 0.04792950891467789 0.08683752678536116 0.058577516669899445
19 0.282222975653566 0.5917101704435247 0.3751557329538714 0.128920936074654
19 0.30909516721157965 0.5271056654425548 0.4083500624991762 0.15347439698497922
19 0.3022099675358912 0.47461839423072744 0.35566934740221223 0.0852028869830395