1 0.19765625 0.27109375 0.08359375 0.22890625
4 0.4078125 0.43828125 0.084375 0.27578125
9 0.71328125 0.56328125 0.134375 0.3453125
19 0.55234375 0.3296875 0.06796875 0.21484375
19 0.521875 0.21484375 0.0015625 0.00859375
16 0.39921875 0.2203125 0.06328125 0.15234375
18 0.34921875 0.14765625 0.04453125 0.18515625
20 0.17421875 0.0921875 0.0625 0.11796875
16 0.1125 0.0703125 0.05625 0.140625
15 0.0390625 0.06640625 0.0625 0.0921875
7 0.2515625 0.06484375 0.053125 0.1296875
9 0.303125 0.0953125 0.04375 0.190625
7 0.2171875 0.01953125 0.021875 0.0390625
22 0.4390625 0.08671875 0.04609375 0.17265625
8 0.49140625 0.10625 0.05 0.21171875
21 0.71171875 0.29140625 0.07265625 0.1796875
23 0.6328125 0.20546875 0.06484375 0.23984375
2 0.559375 0.134375 0.05390625 0.165625
5 0.3875 0.06796875 0.040625 0.1359375
6 0.34609375 0.02421875 0.028125 0.0484375