20 0.45456218384408054 0.5085350327895442 0.09466148376465036 0.23599945499752567
20 0.6247207252399385 0.5533572891211221 0.10587171915415361 0.252197665083434
20 0.4136174042160503 0.7116699988683461 0.06555463636243815 0.17827548620519007
20 0.46145093221922745 0.7243238070998037 0.07805463636243815 0.17893058344622811
20 0.5816776574624611 0.7704319244672296 0.09255351298564349 0.20466756784239593
9 0.3189339699616373 0.8768645516727368 0.11182171022569998 0.235337713703953
9 0.39276693627641723 0.8974968769783643 0.11461942775829588 0.20500624604327128
9 0.47195955843539583 0.9104406122790433 0.11911601298564349 0.1791187754419134
9 0.5581834305943744 0.9290987590451115 0.11854326866768634 0.141802481909777
9 0.6444209395228281 0.9485790993887445 0.1148182508107789 0.102841801222511
9 0.7517385616818067 0.9676057383528966 0.12830800649282176 0.06478852329420662
9 0.8701164147660618 0.9941549502478273 0.12592730032431163 0.011690099504345497
19 0.20116977150376486 0.8824008214604404 0.1185978157455871 0.17637214947960161
19 0.2593231907406441 0.9049618962002413 0.06810689204448099 0.1456267605154494
17 0.031410650562602296 0.8157445087064271 0.03800238068039522 0.2096140174128543
16 0.0646322536468574 0.840901638964152 0.09230805113509047 0.19060506784239592
17 0.12267657872793529 0.8572127137039528 0.0921989569792891 0.18435506784239591
16 0.1532680596532118 0.865840763228983 0.07805463636243806 0.1789305834462283
16 0.09051509496328497 0.6244887449116174 0.0814796452908918 0.19628185775648746
16 0.12679351420016421 0.6459033994796016 0.08142509821299111 0.19315685775648744
17 0.1635259009696394 0.6486089976251508 0.09247169236879253 0.19998006784239591
16 0.19729692897281662 0.6605258214604405 0.08285123051823944 0.18542624491161738
16 0.24038840989809315 0.6698089682265087 0.08622169236879244 0.1996525192218769
16 0.2697173997518234 0.6955426305964091 0.09427965421934559 0.2141244549975255
16 0.3128634277550006 0.7079507773624772 0.08970124837514692 0.2201287935321364
16 0.36501626298234824 0.699756497059324 0.08123418344033873 0.18221935775648762
0 0.6273583502382907 0.7939004019659925 0.056043268667686344 0.16997166327441154
1 0.6750964208551418 0.8010854601974499 0.10995920129724616 0.21806832654882308
1 0.7482299577867727 0.8322369629109835 0.11963421022570006 0.2357471494796016
1 0.8025998579489284 0.8616245697629598 0.08164328652459396 0.20565685775648745
1 0.8713362211794532 0.8628435348814799 0.1422183222384085 0.27431293023704023
1 0.9404407771858079 0.8774095245353724 0.09208195454365722 0.2451809509292552