16 0.7644940264579662 0.6677505945420059 0.47101194708406774 0.1943304195922641
17 0.7412833350281078 0.5740997982628702 0.4686282485296619 0.19260422848527164
16 0.7252621873575285 0.5064757886442234 0.4011264880142125 0.12474211668970661
17 0.7185717740831169 0.45321437938839626 0.39446040818602873 0.14634429817805222
16 0.6827737149471483 0.38022082349061376 0.44371013568479184 0.19329370924797792
16 0.6841104856393632 0.2866890782999372 0.4038287641334943 0.1763046166897065
16 0.44745584916160197 0.7260417218618497 0.21033771370395282 0.11496034500534211
16 0.41897896709485494 0.6439459844757214 0.21930327792830404 0.10747522721932726
16 0.414816010288307 0.5049926118803831 0.23681832654882307 0.11432542794496676
16 0.3853055727036359 0.44781502894075853 0.2242364393936934 0.11232641832631991
16 0.3841281750330566 0.38070937449425485 0.25713082654882313 0.11503475607526781
16 0.370532664517607 0.31472971042910425 0.24849281094499087 0.12876987386128266
16 0.3568552668470277 0.24718754636395374 0.23887214947960161 0.12375499164729753
17 0.7873438647654342 0.7238741089699762 0.37908771370395283 0.12085322485707443
17 0.42306560153645123 0.5731250529873757 0.2590208751693421 0.12133931977759857
19 0.6586357728399215 0.2023587183184706 0.4194537641334943 0.17685025371301508
19 0.6203744549975256 0.1121230987183572 0.4532489099950512 0.19674609146196306
20 0.13192718792335534 0.2853422776748142 0.2409259724103802 0.1331845553496284
9 0.5505256224558087 0.0589956095181304 0.4541762449116174 0.09540184627128648
20 0.32738909486618883 0.1759747452754946 0.18838082654882307 0.11263395317271012
20 0.11321705223856363 0.10688989546082905 0.22184842378986117 0.1262797909216581
20 0.27638543758467105 0.06579864790789977 0.12531426051544958 0.06988096878180676