11 0.034214748421227 0.25101829255305563 0.068429496842454 0.1908445119678473
10 0.18728609505175942 0.08734026510197933 0.057478892271573837 0.14011716014423617
11 0.24379993520254647 0.10352961597565993 0.059646985014259 0.1292523953265973
16 0.23019818204500048 0.25899836597565995 0.07169721715379591 0.17787173328250008
16 0.5282578073510658 0.5297531559632643 0.08265384099925885 0.21399107123840277
1 0.3359240443915751 0.5448475598392365 0.09529054203601808 0.2158445119678472
20 0.3001600760600006 0.3451735617390975 0.08230252648462928 0.19215243882958344
7 0.3258899737981947 0.12266278210381973 0.07224402130083299 0.18412173328250003
7 0.368020102261806 0.2316754126127781 0.07700943374194402 0.20294446846486114
9 0.43370459938708394 0.31305400560267405 0.07659933063166627 0.19825696846486113
22 0.5501791999054635 0.3149821411456255 0.06224430471268487 0.1589398953265972
8 0.6085193802070377 0.34608797720166723 0.0775562378889811 0.20919446846486114
4 0.5586999971717607 0.7723595364722227 0.11175487210203663 0.2614479526972918
9 0.8481350611207426 0.8975192713702433 0.14937244929333282 0.20496145725951323
21 0.8277117117336585 0.6056130200390631 0.10445092855814764 0.19578658510611113
19 0.6847627941087511 0.6289024368328132 0.11064213996249954 0.21308318787965277
2 0.6727486840712509 0.4172557688047923 0.09167752648462937 0.1923706443766667
23 0.7612158617809268 0.45297702288885483 0.0897637119699997 0.1704956443766667
18 0.4704534522145377 0.38514786436013926 0.0761892275213885 0.19356946846486114
5 0.5029323444861116 0.24655814304548654 0.0560339694628702 0.10577852773541671
6 0.4588788395851392 0.1774256301277087 0.045956340433610875 0.06188305737069451
12 0.39511842742685205 0.11879420611576423 0.043026830066018464 0.04622168977951393
9 0.1076867779452317 0.11132131933854177 0.06544721715379595 0.17772626291777782
14 0.14175012818078742 0.18726687670923625 0.10433335136685144 0.23008884992375006