0 0.0546875 0.49453125 0.109375 0.153125
0 0.5921875 0.76328125 0.14453125 0.18203125
0 0.38046875 0.43359375 0.09453125 0.0890625
3 0.2828125 0.45234375 0.10546875 0.12578125
16 0.18359375 0.5734375 0.1328125 0.14921875
16 0.36484375 0.54140625 0.13828125 0.13203125
16 0.38125 0.69921875 0.11171875 0.15703125
16 0.496875 0.5703125 0.0890625 0.1421875
16 0.45 0.434375 0.103125 0.13828125
23 0.590625 0.4203125 0.11875 0.1453125
23 0.59296875 0.5890625 0.121875 0.17890625
19 0.11875 0.7609375 0.1484375 0.17734375
19 0.05859375 0.5890625 0.1171875 0.046875
22 0.146875 0.43359375 0.1203125 0.12109375
21 0.28203125 0.596875 0.09296875 0.14453125
20 0.46015625 0.77265625 0.1296875 0.16171875
20 0.06796875 0.6953125 0.1359375 0.1640625