10 0.11228558983217485 0.07294084780924934 0.0557316269743461 0.13829093262955985
11 0.1724534952261152 0.08203342979018607 0.05525803029369403 0.13204093262955985
16 0.16813008028440524 0.24205331209543438 0.06842180373891082 0.18220457386326191
16 0.4942619147179953 0.48915085998740926 0.07751338382282338 0.21981366801906327
1 0.2966406308998164 0.5230288023562017 0.09013178299298641 0.22159435633066593
20 0.24538947468068345 0.32418792776159117 0.08054329544054104 0.19802048863591432
7 0.2581658522797295 0.09439794927029899 0.06745129958972589 0.18879589854059797
7 0.30859005953848084 0.20059074066780447 0.07199708963168217 0.2087943474022122
9 0.38079510103032965 0.2773520637202874 0.07320439212119316 0.2041341209411626
22 0.5024216472960632 0.26820711445163614 0.058951715356628395 0.1601932061685102
8 0.5635717122331287 0.2952275361241473 0.07247068631233429 0.2150443474022122
4 0.5404577954173191 0.7341127581209701 0.10774625809787715 0.26871481818121906
9 0.8583296118042771 0.853398951710874 0.17038796805592077 0.25108303327818293
21 0.8073054437622895 0.5383018315804902 0.10097419461070416 0.1999375446422686
19 0.660950662018703 0.5751859971639215 0.10696408548249714 0.21720686525911964
2 0.6350430479161189 0.3610786327155807 0.0882373962703781 0.19659435633066602
23 0.7281059636830214 0.38910244683960993 0.08814230788809567 0.17474662986961623
18 0.42378623920283054 0.34838158401282693 0.07116829544054096 0.1978568474022122
5 0.4488006624429103 0.20360487216227385 0.053363643571085716 0.10704093262955983
6 0.3984822763450018 0.1366043327950109 0.04668666846619489 0.06011138555165916
12 0.3290703481305446 0.08476118912567691 0.04081517676456468 0.044404564934808155
9 0.03202940476924042 0.10242952475676632 0.06037250539858473 0.1789432061685102
14 0.07232159543125224 0.1781874553577313 0.10201647635429056 0.23428527110331832