0 0.7253289060311804 0.22548320892567678 0.1429533053787253 0.335184041958086
0 0.7886010653644077 0.22433379938295225 0.10385444271163422 0.33183178298109556
0 0.9223948100334075 0.240744073681645 0.08822944271163422 0.33174087939029934
23 0.8478766153723619 0.28258666091746665 0.1867225813971789 0.47136698165323565
23 0.45828685669954394 0.23953766032829144 0.16154076806172438 0.45559653590796173
23 0.36522720003181675 0.2322660366935287 0.15974191072563365 0.4352749455488822
1 0.19019938068904443 0.1644801356368153 0.13039876137808887 0.3289602712736306
7 0.27765447469763493 0.22758866881430256 0.1865589493952699 0.4551773376286051
9 0.09012720269731678 0.2257721596409204 0.17400440539463355 0.4515443192818408
1 0.2516396040738148 0.5423228136245 0.11001244135899882 0.1896897347764936
0 0.21132313940163322 0.5019296177810302 0.059848809357089826 0.17533634328594588
0 0.1779833807288153 0.45680801532170223 0.11399196403563475 0.2631454154946528
1 0.09161971407540562 0.5549733254301609 0.12276698002863504 0.21163745764913067
1 0.03377994207508746 0.5529659187161067 0.05676017202418071 0.17844316256778664