20 0.3774527961138398 0.2919043977951392 0.1895463052100677 0.18234364057694458
20 0.25077455624803424 0.6776581002080906 0.18369441149637405 0.15723453780340294
21 0.435087551904808 0.5153613880114933 0.14877144789030422 0.11115831838861112
19 0.4580135913991102 0.27500914494534767 0.10723891935425697 0.12423889342673622
19 0.3047751213828994 0.3410491061920141 0.17024834160399785 0.1366310970739585
0 0.23724924959022445 0.8001325122521876 0.17101032092583343 0.119479964665139
0 0.5728551873463342 0.3113122804882991 0.15462334160399785 0.13626742116215293
3 0.5772386646012551 0.5194520888089241 0.1458647717116218 0.11577308320625015
0 0.5845181635677978 0.6150373457427782 0.0868151033908223 0.0878649823325695
22 0.6083153442945942 0.389565220267813 0.12606169396136266 0.12623780452090286
16 0.4761000037240537 0.4240285264042365 0.15255141935425698 0.12529355357097244
16 0.5721037466947403 0.6968685739912852 0.1324572431755744 0.12950827488562525
16 0.47579813503175056 0.5984291143601392 0.15229886228216233 0.15338218597979178
16 0.3266157723353035 0.5941747594023962 0.15629284946188077 0.10509015634451409
16 0.4351474021952583 0.7155795935585768 0.15189644789030404 0.11123105357097245
23 0.5591970241973303 0.8060617360353823 0.15891273531769165 0.1613401563445141
23 0.40053049959022446 0.8039329255305558 0.172863919354257 0.12576633225631967