20 0.5387388784168501 0.5843439382620396 0.12182731029746474 0.246275213703953
20 0.3672957888978415 0.6228697704650722 0.13376586817585512 0.2640359237898611
20 0.6089280940042217 0.7998737630018404 0.0840851156156063 0.18666119629109837
20 0.5597016387284324 0.8105346240376884 0.09649411035393456 0.18575379353213642
20 0.44064780184025965 0.8525849259375677 0.11531970506402764 0.21477955223856354
9 0.718089533353821 0.9274189509829963 0.11222552616718495 0.14516209803400743
9 0.6446821254330783 0.9429703688935348 0.11600297355046649 0.11405926221293043
9 0.5627341754189609 0.9548423874938141 0.11601838410204497 0.09031522501237177
9 0.47480924118985895 0.9720398535726161 0.11374325256024882 0.0559202928547677
9 0.3884468069607571 0.989319206806548 0.10834312101845249 0.021361586386904108
19 0.8418455517696725 0.9476030133405248 0.1150173262236546 0.10260710085908258
19 0.7838356306947503 0.9664305413266293 0.06016322625188959 0.06713891734674142
17 0.9965605417404391 0.8854316412234002 0.006878916519121958 0.13707727611928178
16 0.967274860142173 0.9119222201470727 0.0654502797156539 0.11519563206674732
17 0.9199859623212511 0.925216758252142 0.08578485253201365 0.10886374491161703
16 0.8892819938912823 0.9329540151495468 0.07135833148532669 0.1018767605154494
16 0.9348997888272542 0.7266088398893478 0.10245568401734033 0.2078744549975255
16 0.8995006151214963 0.7473407417437986 0.10383617349399685 0.20483134215265544
17 0.8621371230140038 0.7477192000206846 0.11339318401734033 0.2084476650834338
16 0.8277544177382147 0.7591579890302652 0.10494364718563745 0.19710072930778502
16 0.7845504493082458 0.7662401486866321 0.10558068401734033 0.2080382293077852
16 0.7571912887566672 0.7912877363167317 0.1174282366340588 0.22423643939369348
16 0.712606830850042 0.801413008817969 0.11310475768074628 0.23024077792830405
16 0.6574188019108467 0.7899532083884276 0.09989212613895013 0.19060506784239592
0 0.39674588339617334 0.874428948438805 0.07738008930724707 0.17852114767057933
1 0.34715540707369663 0.8788398094746528 0.13176375241907445 0.2296609237898611
1 0.2735659886296103 0.8915943577564877 0.1443547576807463 0.21681128448702475
1 0.219462317554688 0.9140901554724955 0.10256209983059081 0.17181968905500894
1 0.16768000967629768 0.8952239687923356 0.1311267155873715 0.20955206241532878