0 0.640625 0.746875 0.078125 0.28515625
0 0.69453125 0.75625 0.04296875 0.2875
0 0.81328125 0.76015625 0.02890625 0.28828125
23 0.75390625 0.7140625 0.096875 0.403125
23 0.41015625 0.7 0.07578125 0.3921875
23 0.32890625 0.69375 0.078125 0.3734375
1 0.16875 0.7359375 0.06484375 0.29453125
7 0.253125 0.68828125 0.0984375 0.3921875
9 0.0640625 0.68359375 0.128125 0.4296875
1 0.2703125 0.409375 0.07109375 0.15703125
0 0.2296875 0.43984375 0.0265625 0.15
0 0.1953125 0.47421875 0.0625 0.22265625
1 0.1328125 0.37734375 0.07890625 0.17421875
1 0.06171875 0.36953125 0.0671875 0.15
0 0.0171875 0.39609375 0.034375 0.13203125