9 0.1140625 0.3703125 0.065625 0.20390625
11 0.23125 0.52421875 0.0625 0.1953125
11 0.19453125 0.3015625 0.04921875 0.15
12 0.36640625 0.26328125 0.0328125 0.11484375
16 0.36328125 0.3984375 0.04296875 0.1484375
16 0.68828125 0.38203125 0.0375 0.13046875
16 0.85859375 0.34375 0.04765625 0.084375
9 0.9140625 0.39765625 0.06875 0.15078125
9 0.52265625 0.32890625 0.03515625 0.1421875
23 0.71640625 0.29453125 0.03203125 0.128125
19 0.7640625 0.3703125 0.05078125 0.1171875
4 0.81484375 0.4515625 0.053125 0.13046875
1 0.64921875 0.46875 0.0515625 0.1515625
21 0.78515625 0.2875 0.02890625 0.065625
2 0.65625 0.28828125 0.04296875 0.1203125
8 0.60390625 0.2796875 0.034375 0.1375
18 0.57578125 0.35 0.03046875 0.1359375
20 0.4875 0.40703125 0.03671875 0.14453125
7 0.2828125 0.2703125 0.0453125 0.16171875
7 0.42265625 0.3140625 0.04140625 0.16171875
5 0.49453125 0.27734375 0.0234375 0.10859375
6 0.44375 0.27890625 0.021875 0.12890625
22 0.5484375 0.28671875 0.021875 0.121875
14 0.2625 0.39375 0.04765625 0.1875