1 0.7980229647148201 0.14070745603004162 0.165449309422495 0.2776143012176463
4 0.5982586394528833 0.3869440825520995 0.18155491066333215 0.3301971672787226
9 0.2883598435240417 0.6196439807450267 0.257767485421066 0.4203117263722767
19 0.42185431260146267 0.3213344133165229 0.14382568169855414 0.25720620636839736
19 0.43566507634721763 0.19048302604361927 0.0053430638619705205 0.00975763727290362
16 0.5702257466458053 0.15464163664468378 0.11714321337743776 0.18667056576151383
18 0.611664483656355 0.08518910347406276 0.1068284262506726 0.17037820694812553
20 0.7909638535866257 0.009424086804163323 0.10244729282674854 0.018848173608326645
7 0.7028464945521183 0.010460299381478504 0.09118201089576328 0.02092059876295701
9 0.651677478460575 0.051627304382448336 0.10289504307885 0.10325460876489667
22 0.5035295555640972 0.0646532049912715 0.10231588887180561 0.129306409982543
8 0.45005499430001683 0.0943565515075104 0.11864001139996638 0.1887131030150208
21 0.24305732324512438 0.33437590256567723 0.1365159262506725 0.21932356909549372
23 0.31342408958876933 0.21677407226029577 0.1486988519971419 0.2824612978836664
2 0.3816438478866425 0.11876726483373164 0.11176729852673173 0.19866038273097572
5 0.5561136061845158 0.03644858559621533 0.08152278763096846 0.07289717119243067