11 0.515518229327126 0.9043773306287501 0.2225694591631598 0.11573997492717539
11 0.3102379962021669 0.7261627170761236 0.15547123920022682 0.0716429824490227
16 0.4660440520999495 0.6896305205204781 0.1872668762235353 0.08817726458147632
16 0.6715004554501448 0.2817174174591997 0.2379216406515056 0.1083821159934022
18 0.5298808959241652 0.4036870088419956 0.1997668762235353 0.08854097743445788
19 0.7500421508183066 0.0663675506078677 0.2244593413771451 0.12516043903379806
23 0.5300570330322918 0.06340298964166574 0.19735120435383652 0.10876254922121247
22 0.4272122529104069 0.3489206039857152 0.17901786660488844 0.07544994404836292
20 0.5414929746026205 0.5851954216158348 0.2047271947351897 0.09648986975432586
14 0.42329850219261667 0.7962358731860452 0.23183533175849824 0.11288775956691133
10 0.3064929481089327 0.7887081811827462 0.15369048439090333 0.06534751834239998
9 0.33361595409938244 0.8612818631569154 0.1539633029025577 0.07316001834239998
7 0.3038367179791986 0.6412792517158596 0.17600199400955016 0.07848401583511766
7 0.39872512124457593 0.5612531194251215 0.19798612141421187 0.08224551332783517
9 0.45744041153326187 0.4666703936400163 0.20752481252120453 0.08720579796757129
12 0.28929555754224506 0.5659981068887092 0.08913691106992569 0.04942098997087001
2 0.5004563238691319 0.17352814740093997 0.21303076805616747 0.11077969028743925
8 0.4462648424734533 0.2726619808661771 0.23145338584218217 0.1019502595669115
5 0.3692335726031875 0.42240957977082044 0.1238938569862417 0.06135870031656907
6 0.31613336525412616 0.4902934132360576 0.07696429328391083 0.058432277117888634
4 0.8776463064459368 0.14460254770487385 0.15554565027015244 0.11847251834240007
1 0.7444493382122841 0.47236749802144296 0.24260914065150557 0.10851850831327017