0 0.3768947612631094 0.6014723656628616 0.13352680653075472 0.15692393019392786
0 0.6803272961094997 0.6427282057581778 0.10171132213985139 0.09546823295387145
0 0.8722370654316112 0.2958646627374669 0.11833831614940138 0.16915119480442442
23 0.8966343423886354 0.6269607041333247 0.13788692431676958 0.1476307508107789
23 0.876636844835706 0.4608856907406441 0.13558037985173216 0.17101370373287814
16 0.6687945737843138 0.5252679703686745 0.1520039880191005 0.14943871266133185
16 0.48611848304014094 0.5181707163114846 0.127167679126093 0.15368983603812653
16 0.6694543166127378 0.3720611497518234 0.14764387023308564 0.1587318920444809
21 0.5844667030030741 0.4776741757264057 0.10825398801910033 0.1486750535707225
20 0.3570435966498046 0.4088212155007057 0.17119049763774727 0.16226599512873605
20 0.7522965876641299 0.3054969870077659 0.1387053798517325 0.1710682508107789
22 0.4502578501931837 0.6496564955324778 0.12574902286549072 0.11306483603812652
3 0.5792831512816428 0.6261116757264057 0.1190823606144388 0.14574096834337488
16 0.7714160875793119 0.6310288210172976 0.10340279691210803 0.14390573295387127
16 0.795858070789089 0.4907447402541768 0.10658236061443863 0.14552278003177221
19 0.344712233040141 0.5157024610364789 0.11133929328391083 0.05815914772652384
19 0.42129955880818937 0.33724227028924414 0.12140875244707061 0.16764324188232518