7 0.19312274399268214 0.052487913943958284 0.1450045120146357 0.10497582788791657
7 0.20231483597231947 0.19914209555534707 0.1324874253659985 0.24364351006798626
1 0.5501427139560929 0.3105451889264926 0.09911130402608972 0.1944422906531945
1 0.4862892992918656 0.2940675101648954 0.10690562269254436 0.19306162860909729
1 0.40138758796150176 0.2741745438842358 0.12144083736472577 0.23401393692972228
1 0.32819553596436524 0.2547900706697219 0.12282152402927142 0.21842530452090295
1 0.2684210939688196 0.22337772293017338 0.09602266669318063 0.19749455547083344
20 0.5554825525939124 0.5228633509705898 0.10574311203054396 0.22740026101791672
20 0.7050734725891399 0.5545283122172563 0.10399879869508943 0.21173889342673605
20 0.7065739799490933 0.35845274601284666 0.08797380935708983 0.17700021751493064
20 0.6139324939529113 0.33249161768808977 0.09589539735836254 0.18655705547083343
20 0.7596444359484569 0.36190374791270774 0.07687267735518084 0.1626831443766667
0 0.2841022799968183 0.020600827887916565 0.0817954400063634 0.04120165577583313
9 0.5362000346515007 0.10620905993614564 0.1307249306969986 0.21241811987229128
9 0.448918210654046 0.08849553628479151 0.1334135786919079 0.17699107256958302
9 0.3522432053230459 0.07247179920256933 0.13926358935390812 0.14494359840513865
9 0.8936756326384557 0.18695568645795063 0.13276014536917985 0.26708101006798624
9 0.8299131246419555 0.16266550769635346 0.13252378803308956 0.24676851006798622
9 0.7605273253103192 0.15178386550388825 0.13101583203372585 0.25141964247680565
9 0.6943665233131828 0.13223573812906192 0.13246924403245294 0.2420810100679862
9 0.6125716306492736 0.11625555395222201 0.1308522000318167 0.23251110790444401
9 0.5346829879853643 0.1023391775273262 0.13375902402927142 0.2046783550546524
16 0.8031671692791388 0.38041670535965205 0.08791926535645374 0.17231271751493066
16 0.3999716333147736 0.1358822954028472 0.6625567333704528 0.2717645908056944
16 0.850687059277548 0.3910262438286451 0.07856244668999893 0.17365701196784739
16 0.8939194386139568 0.3673698850711798 0.1041624306969986 0.22580139342673622
16 0.9367700099459115 0.37652602631371446 0.10096470536281679 0.21947865824437507
16 0.9577001279440026 0.390097563832777 0.07736357336090763 0.20487064437666672
17 0.9754870646085483 0.4053043365342005 0.041280622692544 0.19153418977951392
19 0.9749983579726376 0.17881457171656168 0.047639710693816895 0.20105466014423615
19 0.9572568746419556 0.15970154901513808 0.07707267202418037 0.17987064437666675