11 0.7769894311827462 0.3847902282484332 0.07812030298213628 0.16564358883351807
16 0.7980424140939875 0.548942365817647 0.09777958511458991 0.19809514342931003
16 0.46264550554329026 0.8585341047157634 0.12120036473976085 0.2526219571244006
18 0.5341891995916533 0.6862271105758596 0.099751262074194 0.21225777297895937
19 0.27301705271943877 0.9349535957733484 0.1292281619159093 0.13009280845330337
23 0.19348398007475429 0.7747553778516063 0.11841033386094853 0.21033432757475107
21 0.10400863994559958 0.9115277853174604 0.13183633636823103 0.17694442936507926
22 0.4428033331360327 0.5989693375969004 0.08505226458147633 0.1894816070321154
20 0.7199281227903338 0.6511673974344795 0.10604672618081672 0.21422079117755644
14 0.8885286732651874 0.47881843537283364 0.12570600831327 0.24667234577334832
10 0.8393901427820865 0.3653078454595814 0.07329641066226814 0.16065570018457018
9 0.9213077325155297 0.37447089681617074 0.07959187476889085 0.16261871838316733
7 0.6920006657433401 0.4004769825673698 0.08808633636823089 0.18655686613141392
7 0.645622107746639 0.5149109199520134 0.09028533386094857 0.20853199568106326
9 0.5712011177757688 0.5978049606681447 0.09846154671392995 0.22153264342931003
12 0.6104551490502926 0.40542649598560515 0.05263691818411544 0.09382914558877822
2 0.2930497225529069 0.7153884747046889 0.12198997492717538 0.22615958667404978
8 0.37360705225722035 0.636801202187155 0.11320600831327025 0.24587130937615384
5 0.4959259846271008 0.5217547979605033 0.06779055674305993 0.13223031153562204
6 0.5449150655850554 0.452102434449983 0.06164820533113406 0.08192992288667433
1 0.6788017029568656 0.876170534389997 0.12133675705962901 0.24765893122000585