9 0.47414222511583703 0.9388099407505299 0.26466802000387923 0.10759786038785571
4 0.49721216073144897 0.6848627804421045 0.21485946757828495 0.07084215421934559
1 0.4272176225598582 0.4145969192401745 0.20860946757828494 0.07073306006354425
20 0.28286132892825555 0.2907344995962582 0.1903696506088232 0.07665577759614006
18 0.2298325684672739 0.4625100880700167 0.1728314642443051 0.05294554220663663
16 0.31921431967522196 0.5717293551161452 0.17464905575957418 0.0560978157455871
19 0.3254010625482202 0.7253083226487412 0.18714905575957416 0.05631600405718977
16 0.36639336905670045 0.901683862016004 0.16511455909355402 0.07309440097293489
2 0.1645270775511297 0.6508828413164276 0.1832268303053814 0.06560918344033873
21 0.2514218154231581 0.8287975612846555 0.18214256242753396 0.09055463636243814
23 0.15419574224477844 0.7392186383943283 0.16147937606301593 0.06678985389503396
8 0.1259107298269428 0.5696425239459874 0.20653678454774688 0.06445578652459397
22 0.12404508301114148 0.506484004871264 0.17047173879011232 0.062265995128736054
9 0.17718567165147261 0.40023795901117926 0.22190669303247784 0.061603521914097216
7 0.12200357726126562 0.30212378733866807 0.16147937606301593 0.06678985389503396
7 0.07452994901187465 0.20783404504930578 0.1490598980237493 0.07293075973923262
16 0.22471360226611478 0.17160839854059798 0.18960437606301594 0.06728077759614015
11 0.08274911393504439 0.11401586120192994 0.15353933030538142 0.06509098620028228
14 0.204065875603974 0.05232043060096497 0.2411029742462448 0.10464086120192995
9 0.1343272025753755 0.00986987784102143 0.20634559484924897 0.01973975568204286
10 0.05180174499903016 0.025590335227347622 0.06827151000193968 0.051180670454695244