9 0.2619345774270928 0.8072635523343699 0.477801232262828 0.19283557323988276
9 0.257305239055 0.7081890155026669 0.4762387322628281 0.19274456797821102
9 0.24471320635843333 0.6110032023626047 0.4728133436138801 0.18787505745486718
9 0.23549649753598983 0.5100931497458862 0.4525008436138801 0.18669198905313333
9 0.2317839200350679 0.40941061028334735 0.4635678400701358 0.1906360364081799
9 0.2241809735511256 0.32587006818997255 0.4483619471022512 0.1834759837914614
9 0.21608202652731617 0.2309369997882385 0.43216405305463235 0.19726546800644584
9 0.21530482495385747 0.1360417287415511 0.43060964990771494 0.2033334574831022
20 0.7398371368032467 0.7284516387284323 0.2701098457733485 0.1340388839608707
20 0.7023032657345871 0.5310082203549331 0.2578706616279073 0.11308934712916781
20 0.5452162492340329 0.742993738911959 0.1429675524363235 0.06903696828879458
20 0.5433521630214084 0.6864252204961074 0.13938147748246604 0.08595145250377918
20 0.520082248615724 0.5478408626318346 0.12950582973421945 0.07759292093374803
7 0.19256823180140273 0.07842664981647336 0.38513646360280546 0.13185329963294673
1 0.5184277159191573 0.45129208632347534 0.1558075138796607 0.09936150512049746
1 0.5157521013289028 0.38291381264595203 0.14749436613141392 0.09109397881213832
1 0.5211683914267251 0.26168355475344424 0.1874580320782579 0.10743161035393448
1 0.5122427768364706 0.1929412600292335 0.1810077729789592 0.10394258930724706
1 0.47398011566998866 0.11700111533325766 0.13715764342931003 0.09983194198043535
0 0.49241353331487564 0.31882122056669465 0.09977875693983015 0.05095482622365459
1 0.5057985055555544 0.5015273047534443 0.10280362739018098 0.049574336746998425
1 0.4948178400701358 0.3424862337208743 0.09116522054263569 0.03799979991529536
16 0.5577174467977093 0.8048867941595134 0.14845608883351816 0.08180998407380997
16 0.5413450678663689 0.9781228129283008 0.2452309592838688 0.043754374143398424
16 0.5465622964285691 0.9422502862670056 0.22465764342931002 0.10492823663405879
16 0.5351928022886652 0.8749339836502872 0.23413277297895937 0.10703676820408994
16 0.23749937462162904 0.9905486762660068 0.3937895727943891 0.018902647467986356
19 0.23772871453488129 0.9378409052193195 0.4192482526208936 0.12431818956136098
19 0.21668383174602948 0.8893179181617377 0.3933470866740498 0.13810329963294662