0 0.531080797919744 0.6224888000139333 0.19191302616718495 0.17010270290907387
0 0.5681074449642071 0.2831661908857265 0.11767188936371689 0.12403134108157463
0 0.17725347376222794 0.09582475332399229 0.1953418630553576 0.12213879958972589
23 0.5445543658273678 0.08128345955705839 0.16714126834526438 0.09200101369695449
23 0.36046779216396196 0.0893057566479846 0.19588789462538872 0.1315137995897259
16 0.4376996081466215 0.299179509347277 0.18353908404557515 0.18657980788809567
16 0.43441717149844533 0.5037369547831736 0.18346348933548207 0.1585732070582587
16 0.2671217976373953 0.3043019493845889 0.19264106826055966 0.18260270290907385
21 0.38656277139962325 0.39574593341254927 0.17593941567207602 0.13622461037760658
20 0.31745864270042445 0.652598662041925 0.19878465244730928 0.20795790041956294
20 0.18844233176767516 0.21359259378086706 0.2062485419522005 0.17585579544054103
22 0.5821343346808597 0.5408253255337423 0.13953147881213823 0.15213303029369402
3 0.5520890608621621 0.3965182958647483 0.17510495776545093 0.14860621120744355
16 0.5512755317112055 0.1814494029183626 0.17106990514873247 0.13274441286711752
16 0.39483581591207245 0.15939403631697865 0.17281441567207612 0.13598781203728053
19 0.4369898927004245 0.6616561985593963 0.07603042093374804 0.130209563487173
19 0.23520685579813433 0.5828054576829587 0.20028696828879458 0.15362559793005204