10 0.4679995613570836 0.10285397825765843 0.20874886635259243 0.11281658235511313
9 0.4126197027801856 0.1941891795219627 0.25841667568342575 0.1299830983942421
9 0.6269297532040288 0.4795504788759672 0.15941324769092588 0.08168769586563336
9 0.6730755639954645 0.7601508343669232 0.14052654665416658 0.07892364126984167
16 0.6892466596128719 0.6907499922942025 0.1113079383600926 0.06462130937615385
16 0.622575860932455 0.6181123311277206 0.1455462373233333 0.0652616594684389
16 0.4989407457111582 0.4240490553709842 0.1608390466541664 0.08022532541528271
11 0.5676879115926393 0.1710451688815046 0.11369064458064812 0.07409643892580312
11 0.31244687964138984 0.4600830922296041 0.23218636635259235 0.11431852559985281
7 0.6062726664936117 0.23616022671649892 0.19121005183796277 0.08994028685861988
7 0.6342138643728249 0.387413043650792 0.11925713939685174 0.06668445712440044
12 0.6305215193210655 0.3053014504983372 0.16369064458064814 0.07730058451458141
14 0.44428193147935263 0.37394772825765843 0.24923716531583312 0.1138574506459955
19 0.5308168793585659 0.5214456870801019 0.15214755183796277 0.08743704811738695
2 0.7041764669174547 0.5289811775193779 0.1299212373233331 0.06426036397194572
23 0.7130538894433345 0.5695863911221833 0.12421804147037037 0.0701098457733483
19 0.6607696365686124 0.6521776480620136 0.1113079383600926 0.06462130937615385
1 0.5389923813848162 0.667750188159836 0.14277255183796278 0.08683627081949083
4 0.5994815305836126 0.7400071175249152 0.12136644354388881 0.0730345866740496
21 0.723591556785418 0.6178539104005148 0.07515582488222208 0.0421059592838688
5 0.664634096229538 0.41265407310815616 0.1292377321395371 0.05644786397194572
6 0.6434323309609731 0.36196246067737 0.13337842799249983 0.0504982526208936
22 0.672398078086251 0.43934698103543557 0.12244092799249984 0.04979734577334831
8 0.7258361449099547 0.4856421876984108 0.0900385311027776 0.05238212523071262
18 0.641549327803427 0.516680239055 0.09173773213953691 0.05404475478036197