0 0.40067734319506554 0.02471740198586133 0.17322968639013112 0.04943480397172266
0 0.8462069085696452 0.44418845430495413 0.24211036238870207 0.21062509263745516
0 0.43435748257107426 0.32699041563471243 0.12738159084927717 0.12896837014004517
3 0.4206231284802454 0.22025026406313586 0.17109873986054147 0.1528082845319033
16 0.5126253221598437 0.08616965146913268 0.20464321337743777 0.17233930293826535
16 0.5398373042267149 0.27740133044085535 0.18756497402109956 0.18783825599585596
16 0.708401633928127 0.24446889826631688 0.2064570856534969 0.1684718258882322
16 0.6146401982943006 0.40559479694240935 0.1826153940675857 0.1393279813887501
16 0.4582427328231759 0.3995546203494421 0.18359873986054148 0.1533904813887501
23 0.4906613849365333 0.5493170258499601 0.19573810694082053 0.17108740363849115
23 0.6658909778794972 0.49961447063989245 0.2325496920901143 0.18526121960192582
19 0.6920671677006978 0.029469060381863456 0.22475933540139542 0.05893812076372691
19 0.49963936708027906 0.00627130893412139 0.0617787341605581 0.01254261786824278
22 0.35543018119435105 0.08377126261539379 0.1705195856534969 0.16679800992479746
21 0.5693994820668713 0.1733473771738677 0.18606817599857095 0.14416103060296184
20 0.8113734506400891 0.30472784801864783 0.21558071337743775 0.1875856989237615
20 0.6138657580457717 0.007450665220427671 0.19023151609154337 0.014901330440855343