11 0.03828125 0.275 0.0765625 0.17578125
10 0.1796875 0.11171875 0.0375 0.1296875
11 0.234375 0.12421875 0.03984375 0.11875
16 0.2390625 0.26953125 0.04609375 0.1640625
16 0.54921875 0.50625 0.05234375 0.19765625
1 0.37109375 0.53046875 0.0640625 0.19921875
20 0.3140625 0.346875 0.05703125 0.17734375
7 0.31328125 0.1375 0.04609375 0.17109375
7 0.365625 0.23671875 0.04921875 0.1875
9 0.43515625 0.30859375 0.05 0.18359375
22 0.54453125 0.3046875 0.040625 0.14609375
8 0.60234375 0.33046875 0.0484375 0.19375
4 0.6046875 0.73046875 0.07421875 0.240625
9 0.909375 0.86484375 0.1484375 0.2515625
21 0.8375 0.56015625 0.07578125 0.17890625
19 0.70625 0.58984375 0.0796875 0.1953125
2 0.67109375 0.39375 0.0640625 0.17734375
23 0.7578125 0.421875 0.065625 0.15625
18 0.47734375 0.375 0.04921875 0.178125
5 0.49296875 0.24375 0.040625 0.09609375
6 0.44375 0.18125 0.03671875 0.05546875
12 0.37734375 0.13046875 0.034375 0.03984375
9 0.1078125 0.13828125 0.03984375 0.16328125
14 0.1484375 0.20859375 0.071875 0.21015625