9 0.30141408808032555 0.8289016241176446 0.22982469810012063 0.1374992720436282
11 0.4833391174789677 0.7393371075218982 0.2185596494796016 0.13048444753799587
11 0.24847611657445653 0.7314528237493275 0.1688119549975256 0.10209736758448215
12 0.24670781942427555 0.5480940205310189 0.12679487336031983 0.07269409084927717
16 0.3839521918800842 0.5784867248542788 0.1652775192218769 0.09406634629715871
16 0.4376449214150119 0.24148411556766983 0.14603619629109837 0.08338021857321784
16 0.4351363178423958 0.058961192671192 0.10055992198083885 0.0770866599070276
9 0.502661332541717 0.03624958439298924 0.17407266508343397 0.07249916878597848
9 0.34723236261772766 0.4014925361183591 0.1570555834462281 0.08570754307885001
23 0.35365170171816523 0.19482191903808005 0.1426655348257091 0.0784741972858944
19 0.4412811765033946 0.16125031234936113 0.1355900192218769 0.09199039406758573
4 0.5358190705559294 0.12484328276416443 0.14989818068726618 0.09766123986054134
1 0.5167016576202019 0.2986849743500756 0.17201884215265545 0.1038783888718056
21 0.3616445861597616 0.12290871421061703 0.07753850180902236 0.05368201089576328
2 0.3348884136130958 0.2557265680493443 0.13682497060135787 0.0858496547112475
8 0.3148525525772479 0.30731084738243947 0.1522043091359686 0.08225476114786483
18 0.3798501108087053 0.35059667163597 0.14727114767057933 0.07723947921687965
20 0.4196706066248338 0.45209918747541183 0.15861808344622813 0.08581680372251163
7 0.2348463065339768 0.635960007289467 0.17966756784239585 0.10129969209011432
7 0.3100809226582074 0.500536323497226 0.1795037935321364 0.09817469209011431
5 0.28859434701389536 0.419706940577505 0.11840916327441153 0.06121028763096845
6 0.2795369295556124 0.47130764540496806 0.13888543758467103 0.06575567599857095
22 0.3100698773170487 0.36566965060074813 0.13090916327441154 0.06208437278026224
14 0.35638046980838833 0.6807811983711751 0.20672139077317447 0.11253212303236389