9 0.7101946951708149 0.10114147925201429 0.49026153855474386 0.20228295850402858
9 0.7043359674139362 0.20422615954482531 0.47807987353571574 0.21527303369405537
9 0.7008846566532521 0.31166684532047406 0.44325920456235507 0.20253401628120082
9 0.6989003453982764 0.41668189394099303 0.4321307035737719 0.19727330619529262
9 0.6934408656642314 0.5132669668717715 0.47380886760421675 0.18698425938379587
7 0.7109360662722537 0.6736312567858633 0.4420495316346617 0.17284651628120073
23 0.7163650069944444 0.7876528132082984 0.42792336463846714 0.17054703188503292
23 0.7120223582870386 0.8732184989839471 0.3999256986308559 0.1721980630926975
0 0.7474279590853413 0.9543523123037871 0.27726283695813836 0.03168152645796596
20 0.21461028114036998 0.13672431479017813 0.24520902372599612 0.1251106218899818
20 0.4011526176042167 0.14182349332973765 0.1422458498097196 0.0854129568065479
20 0.39730342292769344 0.021294066599200433 0.1539818458553869 0.042588133198400865
1 0.38802521790822786 0.22315205845860006 0.13306185079830274 0.08960913387576941
1 0.3878925667293643 0.29675333276885957 0.15375635277546912 0.10004866689245624
1 0.3638740879839025 0.3990085515611951 0.18044618676785795 0.10456574852966191
1 0.35693302129171933 0.4784470680695385 0.19613485376405232 0.10694712008095948
1 0.41977521399107626 0.5988547433297378 0.18025518577927463 0.09987824852966191
1 0.7584848869187697 0.6108546178217112 0.3095606838021084 0.09729988240543133
1 0.40801270163378656 0.5407523162605161 0.11198534684397003 0.06979460085908258
0 0.7447433804929791 0.5810409650627493 0.25965884288963714 0.05882388059640906
9 0.6955154298477757 0.05046258819592647 0.47228085969555134 0.10092517639185294