11 0.08359375 0.5109375 0.06953125 0.1875
11 0.2765625 0.35 0.0390625 0.1328125
16 0.28203125 0.49140625 0.04921875 0.159375
16 0.6109375 0.71640625 0.06015625 0.20234375
18 0.5265625 0.578125 0.04765625 0.1703125
19 0.78984375 0.80859375 0.07890625 0.1875
23 0.82890625 0.615625 0.06640625 0.165625
21 0.9296875 0.7578125 0.07109375 0.20859375
22 0.5921875 0.49453125 0.03984375 0.15390625
20 0.3625 0.56953125 0.0546875 0.171875
14 0.19453125 0.4421875 0.065625 0.1953125
10 0.22109375 0.340625 0.034375 0.13046875
9 0.15234375 0.35625 0.040625 0.13046875
7 0.35234375 0.35390625 0.0421875 0.1515625
7 0.40703125 0.44609375 0.04140625 0.1703125
9 0.4828125 0.5078125 0.04453125 0.17890625
12 0.421875 0.34921875 0.03046875 0.07421875
2 0.73515625 0.57734375 0.06640625 0.17890625
8 0.65625 0.51875 0.0546875 0.19921875
5 0.5359375 0.43515625 0.0359375 0.1046875
6 0.484375 0.38125 0.040625 0.0609375
4 0.69921875 0.925 0.084375 0.14921875
1 0.43046875 0.76015625 0.059375 0.20625