7 0.17584112017140652 0.9237258278879166 0.1366794945971538 0.14985714247680554
7 0.20085028349499537 0.748688807086354 0.12035581555913666 0.24466049620027785
1 0.5689562704114028 0.6618901365897912 0.0879381577089811 0.1970945119678472
1 0.500752301981434 0.6728653106017357 0.09722215244730918 0.19575021751493066
1 0.4123723414439729 0.6866570132990274 0.10896328925077725 0.23659342306201409
1 0.33502088616818354 0.7017566428580553 0.11255872611071513 0.21795252583555574
1 0.27085197035493314 0.7282840816876387 0.08646666297065302 0.19862064437666654
20 0.5914627890390158 0.44388436578822876 0.09306527346576185 0.23154224715020852
20 0.7482742311606255 0.4230237390789925 0.09362671558737148 0.214391114741389
20 0.734232659916294 0.6251863043334717 0.08234060509226264 0.18136040919430557
20 0.6367507151638485 0.6438837125778468 0.08739212613895013 0.1877195119678472
20 0.7897924151779658 0.6254577548465619 0.06727704721387226 0.16384560087368066
0 0.2685592411898591 0.9575540075994443 0.07624325256024882 0.07667290919430556
9 0.5368927412604462 0.8769891129384371 0.12082625241907437 0.22594686379145834
9 0.44547878598465684 0.8924160508180901 0.12240416297065301 0.1994570989738193
9 0.34151932807803165 0.9073526794271872 0.13032307878390342 0.17467530452090294
9 0.9141763071019315 0.8134461044859715 0.11859589448421418 0.2680252610179167
9 0.8465183702419937 0.833796278497916 0.12053782608248013 0.24778549620027804
9 0.7733538860270093 0.8401930552834023 0.11924834186749571 0.2524366286090974
9 0.7045506781203841 0.8543114130909369 0.12017380503579282 0.24153549620027767
9 0.6177332175829229 0.8680667481970481 0.11999179451244935 0.23841049620027804
9 0.5355577544146258 0.8809317305296176 0.12349622611071513 0.21820709897381968
16 0.8358028651920832 0.6095229771111452 0.07719807878390342 0.17343880642076392
16 0.4030336807512199 0.8621116081887845 0.6604193734375269 0.2743948151575701
16 0.8862200941453959 0.602091030397777 0.07113008930724689 0.17641833605604162
16 0.9285286914863251 0.6300517230270826 0.09297426820408994 0.22997974715020852
16 0.9640449023767221 0.6250908128828464 0.07191019524655573 0.22369337955902785
16 0.9810958944842143 0.6126810786504159 0.0378082110315713 0.20941267401194458
19 0.9899010180629156 0.8313765272636451 0.020197963874168678 0.20305357123840295
19 0.9718563088408725 0.8463845846343394 0.05628738231825494 0.18259560087368065