20 0.3078125 0.63828125 0.1578125 0.1609375
20 0.69765625 0.7046875 0.13359375 0.15859375
21 0.5171875 0.55 0.090625 0.13203125
19 0.28125 0.5625 0.109375 0.08984375
19 0.3640625 0.7015625 0.11484375 0.15078125
0 0.8171875 0.69921875 0.0984375 0.15390625
0 0.30234375 0.44609375 0.115625 0.13359375
3 0.503125 0.41171875 0.0984375 0.12890625
0 0.59453125 0.3890625 0.0765625 0.07421875
22 0.3734375 0.40078125 0.11015625 0.10625
16 0.4234375 0.5234375 0.10546875 0.1328125
16 0.67578125 0.3890625 0.1125 0.1140625
16 0.5921875 0.49765625 0.134375 0.12734375
16 0.60703125 0.64296875 0.0859375 0.1421875
16 0.7109375 0.5203125 0.0921875 0.134375
23 0.7828125 0.38671875 0.13984375 0.13515625
23 0.80078125 0.53984375 0.1046875 0.15234375