0 0.3969263498761655 0.04011822383281509 0.17802230024766902 0.08023644766563018
0 0.7379364160489972 0.5164359270424658 0.22399407981717356 0.19224622611071512
0 0.3640559220448532 0.3636867135212329 0.11468754631872766 0.1204328683170294
3 0.37372848263160446 0.2563824477362174 0.15447779238978612 0.13833299985882563
16 0.49435781389652006 0.12547481100333643 0.18569355913900906 0.1728745998305908
16 0.47812057609762915 0.3235405846808598 0.1670891083532208 0.1749075366905286
16 0.6479429245260526 0.3074165137894641 0.19092471463952715 0.15136362087727823
16 0.5217527979758666 0.4573471663073606 0.17101032092583351 0.1252715577372161
16 0.37079176551087795 0.4365326793203659 0.16697779238978622 0.13906104195220054
23 0.37001901592516273 0.5869499082736784 0.17878858767505648 0.1584480787839034
23 0.5515066104246447 0.5545638005505799 0.21508996071058578 0.1683536998023559
19 0.6863505688589189 0.05798201606736423 0.21792386228216235 0.11596403213472846
19 0.49877994830458894 0.02927245811838671 0.06494010339082212 0.05854491623677342
22 0.3404708345746846 0.11729683190884951 0.15371581306795062 0.1554294945971538
21 0.5279087144346393 0.22480768209237617 0.17435364474715093 0.13014106826055966
20 0.7343662679920773 0.37562121124333286 0.19819355913900924 0.17360264192396563
20 0.6125877371797184 0.03328512393163713 0.19357452564056316 0.06657024786327426