16 0.382494165019028 0.0061488141240292615 0.38501166996194397 0.012297628248058523
17 0.3372161571103626 0.03939414204777623 0.398241181824942 0.07877520535443601
16 0.35138213338436647 0.15156685958037214 0.41300401878308024 0.09620816720498908
16 0.3102093522439965 0.29983676420675476 0.37537668479069153 0.09242860227018088
16 0.6647190746008487 0.03472116599211601 0.25149351581733087 0.06944233198423203
16 0.6425363739928264 0.1909843210271834 0.21342051285158128 0.06461942775829588
16 0.627394193650759 0.2560462593387861 0.25286501482874757 0.07467626623205437
16 0.6144365958182059 0.3249735373419633 0.23555018083635879 0.07125125730360064
16 0.6141381654761385 0.3897763770335378 0.22005251482874755 0.07410352191409722
16 0.6161834851340713 0.45453830641668685 0.2008568458553869 0.06283873944669302
17 0.6700976412930318 0.10853033117345312 0.2123673488211363 0.0770921542193456
17 0.32238570007654965 0.23092312297305276 0.3865396778706094 0.05983429058178365
20 0.8195976452101835 0.4822154728141923 0.25261034684397005 0.06842626623205454
20 0.5886832262368228 0.4971758198093674 0.19489600593149897 0.031506918829842155
20 0.6297101328528938 0.5440820474882331 0.11967051285158128 0.06298301542127546
20 0.7831150226630509 0.6686575332847735 0.2388661818249421 0.0759933043815014
20 0.6071746051725649 0.6756320564166869 0.09942167984777565 0.06419095941492117
9 0.3472650473776303 0.5591611712687694 0.4523211867678579 0.10314000567874756
9 0.3367639460850359 0.6444401521940459 0.44151102076024673 0.10607409090609518
9 0.33082301080005283 0.7327623125024715 0.43420785672980183 0.11843772321134338
9 0.32378249053409774 0.8289106095803721 0.4418293557412187 0.11388659090609536
9 0.31914938726433706 0.9234554963498474 0.4249601907221906 0.1213990819776413
9 0.31773412589563055 0.9773481095803721 0.3982120069200823 0.039739978893386055
0 0.5954757598114696 0.7328269476503888 0.08791117688202625 0.04993754464226861
1 0.60480699745418 0.7912161461082613 0.1248036818249421 0.07400233603812652
1 0.6004749831197239 0.8592121696472116 0.11673651384016441 0.06761596834337488
1 0.6064928783670884 0.9605973916440345 0.15072951186299796 0.05884098620028233
0 0.579783139735795 0.9071957021146158 0.08309634288963749 0.04673072402541791
19 0.3015890859323741 0.377275971593081 0.3638661818249421 0.07817518749752858
19 0.31697932258650124 0.44024357589515206 0.3943176857792746 0.09744338473758489
19 0.3024419787082807 0.49046176420675475 0.34502333992388784 0.037250178569074775