16 0.1055779767559911 0.7455824949116174 0.14674111306150944 0.3164991824962883
18 0.08463052657850585 0.5253552040930145 0.10598215988879933 0.1318851650834338
12 0.22312754218760245 0.47178754805469214 0.12035717313564324 0.2308958751693421
6 0.2997991695922642 0.47892501865604997 0.09573911905195924 0.24052318068726616
2 0.37475452957373073 0.5039084085247132 0.0834028101589519 0.24455558344622813
17 0.4219866828391082 0.5835859424459111 0.08598217313564334 0.22909435775648745
5 0.49237853919237756 0.5225499451594445 0.0921776094333124 0.22785940637700666
14 0.585200956252753 0.5009006744672296 0.11118555897782549 0.325553277928304
23 0.7048140518062493 0.5095087918346557 0.09755459019601868 0.2031869549975255
19 0.8264832098809501 0.5993259656245169 0.11201888347992935 0.2600920522385636
9 0.7065874052491119 0.8012470759829963 0.1452183077966991 0.3975058480340074