20 0.47734375 0.5 0.04921875 0.2078125
20 0.63671875 0.50625 0.05625 0.221875
20 0.46953125 0.6953125 0.03046875 0.159375
20 0.51484375 0.696875 0.04296875 0.15625
20 0.6296875 0.7140625 0.053125 0.17890625
9 0.4078125 0.88203125 0.06484375 0.23515625
9 0.478125 0.89140625 0.07265625 0.2171875
9 0.553125 0.8953125 0.0765625 0.209375
9 0.63671875 0.903125 0.0796875 0.19375
9 0.71875 0.9125 0.08125 0.175
9 0.82109375 0.91953125 0.096875 0.1609375
9 0.9328125 0.93203125 0.1 0.1359375
19 0.30234375 0.9125 0.08359375 0.175
19 0.3578125 0.91953125 0.0390625 0.15703125
16 0.0421875 0.8796875 0.06484375 0.21796875
17 0.103125 0.89296875 0.0734375 0.21328125
16 0.17265625 0.9015625 0.0546875 0.196875
17 0.228125 0.90234375 0.0546875 0.184375
16 0.25625 0.90625 0.04296875 0.1875
16 0.1640625 0.68359375 0.04296875 0.17421875
16 0.2 0.6953125 0.04375 0.17109375
17 0.23359375 0.690625 0.053125 0.1734375
16 0.26640625 0.69453125 0.04765625 0.16328125
16 0.30625 0.69296875 0.0453125 0.175
16 0.33671875 0.7109375 0.0515625 0.1875
16 0.378125 0.71328125 0.0453125 0.19375
16 0.42421875 0.69453125 0.04453125 0.159375
0 0.675 0.7265625 0.02421875 0.15390625
1 0.71875 0.72265625 0.065625 0.1875
1 0.790625 0.7359375 0.07265625 0.203125
1 0.84375 0.7515625 0.0421875 0.18203125
1 0.90625 0.7390625 0.08671875 0.23828125
1 0.97578125 0.74765625 0.0484375 0.240625