20 0.6399836663942102 0.2765625 0.20987738068039513 0.2078125
20 0.20344219439738737 0.28671875 0.1816160129856435 0.2
21 0.4338445348997408 0.4171875 0.1293989480508353 0.1625
19 0.685083706572252 0.35390625 0.13962733603812652 0.121875
19 0.564001818991998 0.2203125 0.15952282467404083 0.1875
0 0.07430016517639418 0.31796875 0.14074555113509046 0.1859375
0 0.6889099103051303 0.48359375 0.15607054220663663 0.16875
3 0.4801582475610727 0.5640625 0.137184174511885 0.1609375
0 0.3863770198822071 0.60703125 0.10010118587597079 0.0953125
22 0.6228406254020942 0.54765625 0.14461484496658022 0.1390625
16 0.5410257893639676 0.42578125 0.14507849512873605 0.165625
16 0.2983957788106608 0.62421875 0.14943871266133196 0.146875
16 0.3640053676914564 0.4890625 0.17476599512873606 0.165625
16 0.3152251741048479 0.33515625 0.12487508928453739 0.171875
16 0.23120650446093158 0.48984375 0.13257849512873604 0.165625
23 0.18398840543386624 0.64921875 0.18276940990138843 0.1765625
23 0.1295894573830309 0.48671875 0.1485853246740408 0.1875