10 0.14921875 0.44765625 0.0609375 0.18671875
9 0.22421875 0.5109375 0.06328125 0.23515625
9 0.5609375 0.3421875 0.04140625 0.14453125
9 0.6296875 0.45546875 0.00078125 0.00234375
9 0.8484375 0.33203125 0.04375 0.1265625
16 0.78515625 0.30859375 0.0359375 0.09765625
16 0.69609375 0.3625 0.02734375 0.13515625
16 0.47265625 0.45703125 0.0390625 0.14609375
11 0.24296875 0.3609375 0.0453125 0.0984375
11 0.45859375 0.63828125 0.05390625 0.2125
7 0.3171875 0.33203125 0.04140625 0.17578125
7 0.47265625 0.32421875 0.03671875 0.1078125
12 0.390625 0.31796875 0.03515625 0.14921875
14 0.40859375 0.503125 0.04921875 0.23125
19 0.5765625 0.43828125 0.05 0.13359375
2 0.63046875 0.275 0.03125 0.1203125
23 0.67265625 0.27109375 0.0390625 0.1109375
19 0.73984375 0.33046875 0.0375 0.09765625
1 0.72265625 0.4484375 0.0515625 0.12578125
4 0.809375 0.4 0.04296875 0.1078125
21 0.72265625 0.2671875 0.02265625 0.0671875
5 0.50546875 0.2984375 0.0234375 0.12109375
6 0.45 0.3125 0.0140625 0.1265625
22 0.534375 0.29375 0.01796875 0.1140625
8 0.59375 0.24921875 0.03046875 0.08046875
18 0.6015625 0.3328125 0.03046875 0.08046875