10 0.44189938765051406 0.8901131407760614 0.22228379465362363 0.10522886031120038
9 0.38311519282748135 0.7942587647130454 0.27586382096198286 0.11737791607077455
9 0.6277569187970222 0.44843530805478393 0.1691742052052021 0.07445735030926066
9 0.686438757963095 0.12825022487446464 0.15051521046687402 0.07448930121764633
16 0.703209758033682 0.20419084260253087 0.11541216837349921 0.059183294549686495
16 0.6281271870716993 0.293827556387794 0.1572356473268119 0.05637703000581897
16 0.48433387151256274 0.5254287585041275 0.17211719468185843 0.07158744182452992
11 0.5546184665050047 0.801193775174027 0.1207367052052021 0.0705034318225902
11 0.2781748767742346 0.5070302184963689 0.25013577886860805 0.10283718394862192
7 0.5991489874811049 0.7239774419937077 0.20685621572854576 0.08064344849248961
7 0.634341576788352 0.5510181741158602 0.12800317363517094 0.06176616061076281
12 0.627364263718877 0.6438593783582258 0.1750601841585148 0.06871753333979883
14 0.4225626426298373 0.5886783154716497 0.2702662683452644 0.10137027879787101
19 0.5223182608762795 0.4123546736568183 0.16025423151356133 0.0815045757634536
2 0.7155369108339272 0.3833840060882316 0.14170165258848363 0.05666407242947367
23 0.7260795686840827 0.3371467348764043 0.13131018415851478 0.0651462521260319
19 0.6699198449218547 0.2501412003286574 0.11706567363517095 0.060873340307321125
1 0.5350443159826597 0.24776601517208735 0.151061242036905 0.08386430121764636
4 0.6037858816829706 0.15918161835628605 0.12845819994353036 0.06957866061076282
21 0.7386852554734334 0.2824432594222115 0.07994510523343692 0.0376272878817268
5 0.6675936925451327 0.519194089268551 0.14133763154179632 0.05041407242947358
6 0.6429962399707665 0.5776284715404847 0.14695059471009325 0.039986755460011736
22 0.6780985530402415 0.4870830909355409 0.13307010523343693 0.04196384364130097
8 0.7379432608762796 0.4299559882103841 0.0962071420651398 0.049840245458072016
18 0.6451943187546698 0.4051157427523121 0.0962071420651398 0.049840245458072016