16 0.390575021085903 0.24401940228249092 0.21240004217180591 0.47148986975432583
17 0.48487053495361127 0.27018474867985176 0.2091659393982642 0.4667114415410805
16 0.5524398946610072 0.28854595526462706 0.14048736815986143 0.40069398495630526
17 0.6057103650257295 0.2963417348897982 0.16221689779513931 0.3950804824490227
16 0.6768775034184724 0.3351063696878188 0.20862042553055601 0.4432739415410805
16 0.7713905696228822 0.3370756981384911 0.19052373575104192 0.403711336368231
16 0.31283775968673655 0.5602916084715548 0.12206075721819465 0.2127848079967011
16 0.3939611263279866 0.5907580099626228 0.11595622758291686 0.2188529515702104
16 0.5331327291015283 0.5994918154520414 0.12420513867708358 0.23783027210332364
16 0.5892924633339589 0.6307932912371467 0.1191903303564585 0.22363137978345565
16 0.6572793971295491 0.6335522298752332 0.12464154977125012 0.2565802721033236
16 0.7224504554501742 0.6495014903000745 0.13692334422416685 0.2475689849563052
16 0.7899652637707991 0.6655189468848498 0.13205400626826425 0.23962009263643722
17 0.3369226910137849 0.21981737265731974 0.13529072188333374 0.3786825926364371
17 0.4649821411456255 0.5897016268139549 0.13089154977125012 0.2567621285298145
19 0.8548031348773613 0.3652665457894932 0.19241354407166683 0.4178193004748537
19 0.9174070119678472 0.4039857164808912 0.1651859760643056 0.4533476235152497
20 0.7352277848567021 0.8851923200708949 0.14171994699770848 0.22961535985821016
9 0.9674440327694098 0.47573033583950564 0.06511193446118035 0.45048338479802064
20 0.8609687480032295 0.6972523316828705 0.11835387575930553 0.18769387978345584
20 0.9066124755861467 0.9003065062016992 0.12395056553881964 0.19938698759660162
20 0.961314893329827 0.7485768024534109 0.06217530452090294 0.12204013605166182