9 0.7312047254798812 0.25756800161826254 0.5055862708194908 0.14461048538620816
9 0.7119459808785521 0.3628185633066598 0.5024612708194909 0.14455593830830749
9 0.7013811158268722 0.46665662945928393 0.4989357526208936 0.1382513912304068
9 0.6866096121262444 0.5751140117645323 0.47726101172019214 0.14099456168510205
9 0.6680820527500906 0.6811594602224046 0.49308627081949086 0.1443922970746055
9 0.6560746036452546 0.7708941160666033 0.47403588217054315 0.1393775146072013
9 0.647172368143224 0.8731969557581778 0.4702495481173868 0.1533581939903506
9 0.63795925201181 0.9477319366867496 0.49158432757475123 0.1045361266265008
20 0.2134362345791799 0.2454018234562248 0.28317105027685513 0.10795241639421019
20 0.20591842150239822 0.46035466761202615 0.27259449568106336 0.0890387751605081
20 0.4199470504337387 0.26934170413662006 0.15027940468807693 0.05568871266133195
20 0.40911087754706454 0.3285939732113435 0.1436684592838688 0.07430234496658024
20 0.3993983112310803 0.4801564732113436 0.13389294108527156 0.06788870373287814
1 0.37804614050387453 0.5814598745913153 0.16009449568106335 0.08707508035608366
1 0.3647963664451811 0.6539661201270884 0.15324371838316733 0.07759098620028233
1 0.3293421229235861 0.7800513331954575 0.19466975478036197 0.09080009821299129
1 0.32307353409006795 0.8534615596565072 0.18685725478036197 0.09066373051823931
1 0.344028779309706 0.941425209818663 0.13862001387966066 0.09294325081077873
0 0.37357178671096164 0.7245104452081662 0.10416586829088229 0.04239778003177221
1 0.403225415642302 0.53027920413662 0.1087532387412331 0.040917100648623084
1 0.37751760950535074 0.6995513555165918 0.09691457279438911 0.026663685875970698
16 0.42274018584348416 0.20134568059766966 0.15586807063492075 0.069833033278183
16 0.4837742227021041 0.017829797074605393 0.2543265545957919 0.023168313309955075
16 0.467058289636397 0.05899058522405234 0.23791910703211538 0.08375125730360064
16 0.462352200802879 0.13242808522405233 0.24573160703211538 0.08388762499835237
19 0.7864498372923586 0.0911577974783472 0.42609902991878956 0.14634453489974078
19 0.790167517737172 0.17960268871204926 0.40404475478036195 0.0944547524323367