16 0.21686398707405666 0.8662143471291677 0.32380886760421673 0.1809740681193855
18 0.4268491407243782 0.9403098127165392 0.13889535672980174 0.11876395250377883
12 0.5240663334237351 0.8222416231551783 0.23965936068413446 0.14333828925077724
6 0.5412166827391631 0.7472794205102249 0.24345552273741297 0.121736305035793
2 0.5404937825488826 0.6689269073560453 0.25082235376405215 0.11125383134415223
17 0.4773517954004639 0.6041671863658277 0.23363485376405216 0.11025277346576186
5 0.5593631407615592 0.5517772047110918 0.23070085475263546 0.1147582629424182
14 0.6104892420541536 0.4693966151920833 0.3317195266917457 0.14558259968941645
23 0.64029610026683 0.3528839493788329 0.20901685574121878 0.11817168927901225
19 0.591115795437645 0.2145425152203182 0.2692195266917457 0.14194238922254251
9 0.34896544612221697 0.2763999601845253 0.41618736859279987 0.1910308785580245