0 0.39453125 0.41796875 0.11875 0.14609375
0 0.6921875 0.3609375 0.09140625 0.0859375
0 0.89375 0.69453125 0.10078125 0.159375
23 0.90703125 0.365625 0.121875 0.13515625
23 0.89296875 0.53046875 0.1171875 0.159375
16 0.68515625 0.47734375 0.1359375 0.1359375
16 0.5046875 0.49453125 0.1109375 0.14140625
16 0.69140625 0.62890625 0.13125 0.14609375
21 0.60390625 0.5296875 0.0921875 0.13828125
20 0.38046875 0.609375 0.153125 0.146875
20 0.77578125 0.69140625 0.121875 0.159375
22 0.4640625 0.36640625 0.11328125 0.1015625
3 0.59296875 0.3828125 0.103125 0.1359375
16 0.78359375 0.36796875 0.08828125 0.134375
16 0.81171875 0.50546875 0.090625 0.1359375
19 0.365625 0.50390625 0.10546875 0.0484375
19 0.446875 0.6765625 0.103125 0.15859375