8 0.8501384600164947 0.5455475930562491 0.27307641646825614 0.42934085938667826
18 0.665586581420173 0.2116392816409284 0.031142351411925874 0.051382717535011314
2 0.6468676736608989 0.23825743962264573 0.02806281551854859 0.05279966832079959
22 0.6242197838483132 0.2658387841221278 0.018415030878812466 0.0429880206781645
17 0.6346715505413607 0.25520949917593966 0.019977530878812287 0.04306079528527036
11 0.6999615814201731 0.21003824028459955 0.05077288981258547 0.028891287427387446
19 0.7222086544605689 0.22304550848156462 0.022920674452321776 0.03695634449948208
12 0.6692511390211628 0.24657720781961082 0.024255853919208193 0.02921661910658786
4 0.6937426736608989 0.23607420140947002 0.02622753087881229 0.043351893713693725
9 0.6807054645688411 0.28193251096276395 0.02443771034569906 0.03546661910658786
16 0.648469626089039 0.2904556404084341 0.022738818025830908 0.030706344499482084
10 0.6153532492085771 0.27561404446120996 0.016761602665567032 0.03979024607105863
16 0.7082059904330885 0.19483061724907025 0.03978992570596276 0.026819365177646447
20 0.7108392454476535 0.2383986807313056 0.022966138558944315 0.038518844499481994
0 0.7332681749145401 0.24515594892827064 0.01300010517284953 0.017769696856846907
20 0.794794359791703 0.141645651161801 0.06202863855894449 0.04033820967712844
16 0.8305416431777978 0.1196957225019192 0.05224446159934004 0.02583906203449331
16 0.862913873977468 0.10648509305624913 0.028716033386094963 0.02162244292790545
14 0.6966487133151998 0.2702672648917054 0.029034282132453626 0.03255994292790536