0 0.7629988835794993 0.45225953584176193 0.33754284946188057 0.11900446404263718
0 0.773369149295265 0.39045557666036473 0.3356507096771285 0.07837946404263718
0 0.7755951211735026 0.2541872060135784 0.33648546360606985 0.06283635119776694
23 0.7232556792790543 0.3184677120064722 0.47471751778268045 0.15269114653892563
23 0.7111989048768363 0.7121834124814421 0.46105312406898663 0.12703604929788756
23 0.7054455186067405 0.8061823959730987 0.4393236732831983 0.12901462912607115
1 0.7555119468523376 0.9711567842598822 0.3477526033908223 0.05768643148023571
7 0.7001095093011157 0.8924098230423201 0.46229029238978614 0.15359854929788738
1 0.3775966544625515 0.8451132626631562 0.18852315260503386 0.09872518430531088
0 0.4126651672828331 0.895270392920881 0.17674659057054054 0.04667136137453198
0 0.4535834197640325 0.9371613217991248 0.2631592795695045 0.09484326775153881
1 0.3418497071914198 0.9727165439843919 0.20440070967712848 0.05456691203121622