8 0.8623261754363323 0.41214540037044084 0.2673519150562093 0.39481972116625175
18 0.6851203241809192 0.7278255393250965 0.030035009885831698 0.04769335391920819
2 0.6684766522418089 0.7032801803913233 0.030035009885831698 0.04769335391920819
22 0.6479267303026985 0.678848481724107 0.018779174904859808 0.03956260517284953
17 0.657683732279865 0.6879506970843708 0.021904174904859807 0.039653533386094966
11 0.7164021576790163 0.7276975071926429 0.04795733893530461 0.02792642319868044
19 0.7377678217094612 0.7145610096999254 0.023275673916276673 0.0350114974927175
12 0.6892520672608369 0.6948539149519173 0.024519838935304607 0.02724446159934022
4 0.7115409027361005 0.7043736674591997 0.02815417490485981 0.03983538981258548
9 0.7011963103407547 0.6616549700456245 0.024710839923887916 0.03193196159934022
16 0.6711904753597827 0.6547062880714554 0.021458505931498985 0.028716033386094963
10 0.6397640618236295 0.6704820522572204 0.017089340912470875 0.03639214106622681
16 0.7240064106447658 0.7415554187128409 0.03845500494291585 0.024528638558944316
20 0.7270385687437116 0.700794026392973 0.021713173916276675 0.03496603338609496
0 0.7478776507589341 0.6939302609535667 0.013136669961943959 0.01598871285298138
20 0.803323837526792 0.7877424454350181 0.05608817391627667 0.03596624373179402
16 0.8345565914811246 0.8056058953558759 0.04945617193911005 0.026409387305303157
16 0.86397217745068 0.8172648093833563 0.028889003954332537 0.019568353919208192
14 0.7149232293141153 0.6722060251393316 0.02783583992388792 0.03202288981258548