9 0.87265625 0.615625 0.09921875 0.2265625
4 0.634375 0.60546875 0.05078125 0.1859375
1 0.3953125 0.509375 0.05078125 0.18046875
20 0.28828125 0.36484375 0.0578125 0.1625
18 0.44453125 0.3375 0.0375 0.15078125
16 0.5390625 0.43125 0.0390625 0.1515625
19 0.6765625 0.45546875 0.03984375 0.1640625
16 0.8328125 0.51328125 0.05625 0.14140625
2 0.61484375 0.3015625 0.04765625 0.1578125
21 0.77109375 0.4015625 0.0703125 0.15546875
23 0.6953125 0.303125 0.0515625 0.13828125
8 0.54375 0.25625 0.04453125 0.17890625
22 0.48671875 0.246875 0.04609375 0.1453125
9 0.390625 0.2828125 0.0421875 0.19296875
7 0.30390625 0.22109375 0.05 0.13671875
7 0.22109375 0.14609375 0.05625 0.16953125
16 0.18359375 0.29765625 0.04921875 0.1625
11 0.13671875 0.1546875 0.04921875 0.14921875
14 0.07734375 0.26484375 0.08046875 0.2046875
9 0.02265625 0.196875 0.04453125 0.18359375
10 0.05703125 0.115625 0.04765625 0.07421875