9 0.8972528746939347 0.24340608786218718 0.18768982139536944 0.48681217572437435
9 0.7894403746939347 0.24544294652593684 0.19569781102777703 0.47235039152687514
9 0.6791474236571754 0.24644436170416611 0.18515129029259167 0.44091855357097237
9 0.5734736221020366 0.24655542410885373 0.18120608407203614 0.43147081838861123
9 0.47503612210203655 0.2488465823532288 0.16614701206453616 0.47322190729444447
7 0.3104172560322681 0.22841006183600668 0.1527488934028695 0.44484233415618063
23 0.1946849492933329 0.2209268297877776 0.15253427992499918 0.4245662017473612
23 0.10704824825657364 0.22140091489388883 0.15489786230009184 0.39811280452090286
20 0.8848155569752763 0.7450240660169785 0.11622775862416646 0.2412809230620141
20 0.8698372315274063 0.555925198425798 0.08077969123481452 0.13910017401194458
20 0.9871943695101384 0.5626992624460061 0.025611260979723126 0.15007404160312507
1 0.7869953372295821 0.5664646145539577 0.08607278397749987 0.1283081443766667
1 0.7117219351560637 0.5650852589306244 0.09566239745537004 0.14880248233256949
1 0.6095244481155545 0.5870349537441315 0.0981230161170366 0.1769274823325695
1 0.5286162007074525 0.5928323184855204 0.09949002648462937 0.1925524823325695
1 0.402152154053286 0.5253201230064233 0.09343551611703678 0.17681837955902785
1 0.3719412249294904 0.1800076230064233 0.08345350631509199 0.3122467332825
1 0.46204456390249893 0.5388000883371524 0.06581907257314797 0.11068423328249999
0 0.40384533581546256 0.19570470497840248 0.04640327417555508 0.26304551386770836
9 0.9534079639962499 0.2575396369710409 0.09318407200750016 0.4772547906531946