9 0.5381823180140272 0.10993525975546192 0.2705103639719457 0.14796577417555506
4 0.5609434878183823 0.3554719351560637 0.2153827729789592 0.1120679389257404
1 0.4910270018549265 0.6251112004246286 0.20893251387966066 0.10839613477870333
20 0.3497337685123643 0.7580912128184714 0.19204540252860855 0.1115799233743516
18 0.29832836212624436 0.5917540218664807 0.17169332973421944 0.08493951093324056
16 0.3865070874492421 0.47848162525958254 0.17345608883351815 0.08820121196999971
19 0.3938759037652263 0.32671407370444366 0.18771884793281668 0.09255652130083299
16 0.43497817242524894 0.15118639340286952 0.16830751387966067 0.10484190782296263
2 0.2360553069121437 0.41111032313879575 0.183431866131414 0.09839641819055522
21 0.32223953809523753 0.2308848723848605 0.1865964389258031 0.12353311922731444
23 0.22749993214285635 0.32394251380796246 0.16321949568106336 0.09818180471268487
8 0.19773568168143102 0.49417710136685145 0.20540699568106335 0.10187273270518489
22 0.19607424969545817 0.5568821529219903 0.16916910703211538 0.09404110885972194
9 0.24704766194167424 0.6564029907637032 0.2195696252307126 0.10466554203601816
7 0.19341391734034508 0.7577707096609254 0.16145673658176474 0.09492010367592556
7 0.12347405228866523 0.8561405676721756 0.1982954025286086 0.1121267275213885
16 0.2917234045404186 0.8787167796421752 0.1883196252307126 0.10193152130083298
11 0.14442929750830324 0.9459644852970829 0.175619366131414 0.09771291300675884
14 0.27334603948873876 0.9618444720547682 0.24048290252860854 0.07631105589046357