1 0.38889485701722687 0.9168060758951521 0.2758329998588257 0.15310127516050825
4 0.5021482020096688 0.645806008931749 0.3281235419522005 0.16650130194586943
9 0.5396742339326358 0.28306450122111126 0.42137228398910553 0.23993089366603879
19 0.3407340179217413 0.5195862025183575 0.2558089261954198 0.13089899269310407
19 0.22787697312694338 0.5825555811701578 0.009648015785015573 0.004851141233702094
16 0.27150441773821465 0.7139595397743 0.18587585779368573 0.10938645697928902
18 0.21006565977511968 0.7869800284102143 0.21805132096198285 0.09902170129724634
20 0.21368202539072606 0.9699152593354908 0.1266226841585148 0.056842109577076985
7 0.17952756229301614 0.9071658433450225 0.10298776308359248 0.07984323295387127
9 0.1954186018261422 0.8443249241081432 0.16566977360693613 0.08405917451188501
22 0.14320511249066023 0.6997760831987527 0.14691977360693614 0.08373189204448099
8 0.1482496572854581 0.6386885787345259 0.1914888209619828 0.09855805113509053
21 0.24997396807703307 0.3577231765437752 0.21968941567207612 0.12714670129724626
23 0.18272482587071878 0.4652550328744412 0.2825534367187635 0.13448764285525988
2 0.12981890472520935 0.5639340405850789 0.19957433674699834 0.10338191882984216
5 0.13967756506502643 0.7600550641240293 0.1052937157285458 0.06583528003177222