9 0.11875 0.66796875 0.109375 0.4359375
9 0.2171875 0.67265625 0.11953125 0.421875
9 0.3171875 0.6796875 0.11328125 0.3921875
9 0.41328125 0.68671875 0.11015625 0.3828125
9 0.503125 0.69140625 0.09140625 0.42421875
7 0.64921875 0.721875 0.0828125 0.39765625
23 0.753125 0.7375 0.08515625 0.38203125
23 0.8328125 0.74140625 0.090625 0.35546875
0 0.95 0.78515625 0.0703125 0.2546875
0 0.9875 0.7796875 0.02421875 0.24453125
20 0.19453125 0.21484375 0.075 0.2140625
20 0.184375 0.3875 0.05625 0.12109375
20 0.04765625 0.37109375 0.065625 0.1328125
20 0.01796875 0.1796875 0.034375 0.221875
1 0.26015625 0.3828125 0.0625 0.1125
1 0.328125 0.3890625 0.06796875 0.13125
1 0.42421875 0.3765625 0.06640625 0.15703125
1 0.49765625 0.37734375 0.0671875 0.17109375
1 0.60390625 0.446875 0.06171875 0.15546875
1 0.5875 0.76015625 0.03671875 0.28046875
1 0.5515625 0.43046875 0.0453125 0.09609375
0 0.5609375 0.74453125 0.00859375 0.23984375
9 0.0421875 0.64921875 0.08046875 0.4296875