0 0.440625 0.4171875 0.065625 0.1453125
0 0.6078125 0.3609375 0.05 0.0859375
0 0.721875 0.69375 0.05625 0.1578125
22 0.7296875 0.365625 0.0671875 0.134375
22 0.721875 0.53125 0.065625 0.1578125
15 0.6046875 0.4765625 0.075 0.1359375
15 0.503125 0.4953125 0.0609375 0.140625
15 0.6078125 0.6296875 0.0734375 0.1453125
20 0.5578125 0.5296875 0.0515625 0.1375
19 0.4328125 0.609375 0.0859375 0.146875
19 0.6546875 0.690625 0.0671875 0.159375
21 0.4796875 0.365625 0.0625 0.1
3 0.553125 0.3828125 0.0578125 0.1359375
15 0.659375 0.3671875 0.0484375 0.134375
15 0.675 0.5046875 0.05 0.134375
18 0.425 0.5046875 0.0578125 0.046875
18 0.4703125 0.6765625 0.0578125 0.1578125