9 0.11058666707794529 0.4783926447120016 0.17509000702931332 0.27125789734428024
9 0.20789616066780453 0.4536012020899857 0.1826114086008898 0.2650533491396782
9 0.30676815425766374 0.4288006691088901 0.17236311331561965 0.24624880698520074
9 0.40091626054397 0.4032461572050335 0.16745728949430205 0.2415340359079618
9 0.49126727874093506 0.38005812119887583 0.15426808477957224 0.2602022226762452
7 0.6319800159206534 0.3307888533430908 0.14096756410140793 0.24294199980360826
22 0.7344307737785364 0.29893434446429623 0.14223896567298447 0.23670109016268787
22 0.8124637284932661 0.27972528133077557 0.14307371960192583 0.22108518052176757
0 0.9242338283694316 0.22984293511796344 0.10898550992479769 0.15996587334017515
0 0.956864391851667 0.22574578757729147 0.050299714639527336 0.1408795300542293
19 0.2531167311793532 0.7198165545493136 0.10633139081820957 0.13651928298109545
19 0.21657345553879007 0.6231279069104458 0.07565927956950454 0.08166815651766246
19 0.08628879610933061 0.6613960422526736 0.079075377997928 0.08793633723582168
19 0.09163772973161113 0.7762397922526736 0.046592517782680296 0.12836134933607007
1 0.29329862137839025 0.6093966841360048 0.08012845574818694 0.0770079275949012
1 0.3604304633966729 0.5910325035160414 0.08845037799792799 0.08799087939029934
1 0.4574317419327201 0.5764018560735653 0.08917812406898662 0.10361587939029934
1 0.5316676085581087 0.5595592688377437 0.09266699710451576 0.11144656010845858
1 0.6271941242738743 0.4964865762157277 0.0843450748547749 0.1004636083130606
1 0.5644286428851242 0.32336723878351437 0.07809938296032684 0.16759656615858276
1 0.5781401941662505 0.5170899677062755 0.06072348428423435 0.06283634328594587
0 0.5409012516526298 0.3383518893492484 0.04234166542531561 0.13770907825883122
9 0.06249592348808608 0.5028977410230095 0.0900600355653606 0.2567045179539809