15 0.3050019838829633 0.1843201418576496 0.1917171912348145 0.14272837226160834
17 0.4217397160225002 0.13915605753448265 0.08673716531583313 0.10071070533113406
12 0.4720145351552782 0.2628041576927672 0.1425182736099071 0.11480194906292791
6 0.47972043694597283 0.3358695846523713 0.1421669590952776 0.09297241316955063
2 0.4772017382182877 0.40942074491892805 0.14263585080120364 0.08051787727617317
16 0.4403859519317138 0.46317623073316305 0.1350967528747221 0.08341555674305993
5 0.48525966305324175 0.523224832145089 0.13394435598499985 0.08805759263643723
14 0.5106903070682419 0.6085545783841653 0.1902722684261109 0.10839883636823089
22 0.523572432939955 0.7209325579301942 0.12355366013203692 0.09398934389007856
18 0.49381799948083493 0.8461682386507219 0.1560339694628702 0.10896112602253219
9 0.3637682059842144 0.757011147267926 0.2384554901980553 0.1425297954602886