15 0.3342498780010891 0.8942571524001461 0.1866314849563052 0.13976462903138512
17 0.45884671271996746 0.9283517084387833 0.07947220282385156 0.10356595574818712
12 0.5072805495504169 0.7915387591007371 0.1375574874635877 0.11563361621110371
6 0.5136010942192828 0.713013498761655 0.14151756175762475 0.0908519400324213
2 0.5082028888881488 0.6350340479758667 0.14427884890464338 0.07849748924663302
16 0.46908891310304357 0.5813118885464073 0.13343227711788863 0.08111306699689198
5 0.5124691885715796 0.5127951749403373 0.1336141335443795 0.08736306699689197
14 0.5379345383341528 0.4200789820124319 0.1902733105039836 0.10404545285270288
22 0.5484508380175837 0.2975490105484792 0.11973348997087019 0.09295809553293939
18 0.5118193530612785 0.1678272772977022 0.15447220282385157 0.10705913688926816
9 0.37734271615168674 0.27813769272301764 0.23801212852981452 0.1359161910658786