9 0.11875 0.5953125 0.109375 0.2453125
9 0.2171875 0.596875 0.11875 0.2359375
9 0.3171875 0.6015625 0.1125 0.2203125
9 0.4125 0.6046875 0.109375 0.215625
9 0.503125 0.6078125 0.090625 0.2375
7 0.65 0.625 0.0828125 0.2234375
22 0.753125 0.634375 0.084375 0.2140625
22 0.8328125 0.6359375 0.090625 0.2
0 0.95 0.6609375 0.0703125 0.1421875
0 0.9875 0.6578125 0.0234375 0.1359375
19 0.19375 0.3390625 0.075 0.1203125
19 0.184375 0.4375 0.0546875 0.0671875
19 0.046875 0.428125 0.065625 0.0734375
19 0.01875 0.3203125 0.034375 0.1234375
1 0.259375 0.434375 0.0625 0.0625
1 0.328125 0.4375 0.0671875 0.0734375
1 0.4234375 0.43125 0.065625 0.0875
1 0.496875 0.43125 0.065625 0.0953125
1 0.603125 0.4703125 0.0609375 0.0875
1 0.5875 0.646875 0.0359375 0.1578125
1 0.5515625 0.4609375 0.0453125 0.053125
0 0.5609375 0.6375 0.0078125 0.134375
9 0.0421875 0.584375 0.0796875 0.240625