0 0.44563882601824145 0.4371031188823232 0.16425887797604233 0.09769843393541641
0 0.4322586590738483 0.6153471699707824 0.09833894703379294 0.06889882213985139
0 0.7884811619238399 0.6585118050951744 0.174540814114072 0.0887053798517325
22 0.46650760895763277 0.7355406188823232 0.15164961733238053 0.09569942431676956
22 0.627221233831582 0.6931199619887487 0.17675887797604234 0.09813494355406327
15 0.5454634994189222 0.5878992378494644 0.15543018119435104 0.10518355172143146
15 0.5366351666154169 0.48404755155179535 0.15913433540139543 0.09128474282842376
15 0.6961683397639963 0.559141776872206 0.16480518119435103 0.10551093393541641
20 0.5853893768907616 0.5316839541842004 0.1505570108957633 0.08007442431676956
19 0.6333684189612054 0.3890400971979588 0.16880426634364482 0.11812006134007813
19 0.7690484648900471 0.5934051602673175 0.17697739926336595 0.10125994355406327
21 0.40533053629358606 0.48784965254758716 0.11661905347041017 0.08512402286549073
3 0.4398801349365333 0.5563441922033009 0.15099405347041017 0.08632442431676957
15 0.45070801031468566 0.6663913147986392 0.14732275025210165 0.07840279691210786
15 0.589950826774546 0.6529141134400276 0.14899451089576327 0.0800198606144388
18 0.5278832434668376 0.40368792895645705 0.06251070767745474 0.0692063569862416
18 0.7093353392597932 0.4114483213372432 0.17308757475773362 0.09021331614940156