9 0.08507474338497142 0.4296393157615139 0.1174144400324213 0.14811824879205204
4 0.3443769687778656 0.4523744115288467 0.061562546318727665 0.11865414727484325
1 0.6020588821362665 0.5267357801749968 0.06141699710451594 0.11552914727484342
19 0.7151710041383385 0.623801711997587 0.0687200748547749 0.10522937606301604
17 0.5462925715495152 0.6296217930518745 0.04640842721213971 0.0940687354561323
15 0.4449698201017731 0.5656712501691779 0.048043701819245575 0.0957587812137671
18 0.29636965426217293 0.5402093803150798 0.04840757485477489 0.1035712812137671
15 0.12751264640429008 0.49505689273291537 0.06657537799792798 0.09260183030538141
2 0.35915429053226855 0.6402250978933648 0.056074525640563165 0.10108401000193971
20 0.19235208829873818 0.5677926331900177 0.0810017510334573 0.10156224212409218
22 0.2732531778358215 0.6324288312234654 0.060252603390822126 0.09052914727484325
8 0.43689614681857486 0.6716661586539088 0.053531722497410075 0.11332891848667045
21 0.49917782299725727 0.6814554889592902 0.05571065260503385 0.09327151000193971
9 0.6033944421038451 0.6664360089631696 0.05233309553293921 0.121013872729036
7 0.6954706261404103 0.7100262544212417 0.05861732878371626 0.08883910151720861
7 0.7848391871414464 0.761237681242862 0.06581339867609248 0.10966178454774678
15 0.8282317762642449 0.6714575751837254 0.05778257485477489 0.10433655575957416
11 0.8773177855698698 0.7625128809432995 0.05741870181924576 0.09652405575957416
14 0.9359886182825274 0.6982907553393256 0.07620724317557474 0.1323020590935542
10 0.9512989410703877 0.7905100773097573 0.033360463606069854 0.04786341515269079