0 0.25 0.4953125 0.0609375 0.1515625
0 0.5515625 0.7640625 0.0796875 0.18125
0 0.4328125 0.434375 0.053125 0.0890625
3 0.378125 0.4515625 0.059375 0.125
15 0.321875 0.5734375 0.0734375 0.1484375
15 0.4234375 0.5421875 0.0765625 0.13125
15 0.4328125 0.6984375 0.0625 0.15625
15 0.4984375 0.5703125 0.05 0.1421875
15 0.471875 0.434375 0.0578125 0.1375
22 0.5515625 0.4203125 0.065625 0.1453125
22 0.553125 0.5890625 0.0671875 0.178125
18 0.2859375 0.7609375 0.0828125 0.1765625
18 0.2515625 0.5890625 0.065625 0.046875
21 0.3015625 0.434375 0.0671875 0.1203125
20 0.378125 0.596875 0.0515625 0.14375
19 0.478125 0.771875 0.071875 0.1609375
19 0.25625 0.6953125 0.075 0.1625