15 0.0109375 0.5640625 0.021875 0.209375
16 0.0546875 0.5875 0.0625 0.215625
15 0.1640625 0.5765625 0.078125 0.2234375
15 0.3078125 0.59375 0.0765625 0.203125
15 0.04375 0.4078125 0.0671875 0.134375
15 0.2015625 0.415625 0.0546875 0.1140625
15 0.265625 0.421875 0.0640625 0.1359375
15 0.3328125 0.4265625 0.0609375 0.125
15 0.3953125 0.425 0.0640625 0.1171875
15 0.4578125 0.421875 0.0546875 0.1078125
16 0.1203125 0.403125 0.06875 0.1125
16 0.240625 0.5890625 0.04375 0.209375
19 0.484375 0.309375 0.0578125 0.1359375
19 0.5 0.4359375 0.0234375 0.1046875
19 0.546875 0.4109375 0.0578125 0.0625
19 0.6671875 0.3234375 0.0640625 0.1265625
19 0.6734375 0.41875 0.0578125 0.0515625
9 0.5609375 0.565625 0.084375 0.24375
9 0.64375 0.56875 0.0875 0.2375
9 0.7296875 0.56875 0.0984375 0.234375
9 0.8234375 0.5703125 0.09375 0.2375
9 0.915625 0.56875 0.1015625 0.228125
9 0.978125 0.56875 0.0421875 0.2171875
0 0.7296875 0.425 0.0453125 0.0453125
1 0.7859375 0.4171875 0.0671875 0.065625
1 0.853125 0.4171875 0.0609375 0.0609375
1 0.9640625 0.4109375 0.071875 0.08125
0 0.9 0.4265625 0.0421875 0.04375
18 0.3828125 0.596875 0.0625 0.1953125
18 0.4453125 0.5859375 0.08125 0.2125
18 0.49375 0.5921875 0.0234375 0.1875