10 0.1484375 0.4703125 0.059375 0.1046875
9 0.2234375 0.50625 0.0625 0.13125
9 0.5609375 0.4109375 0.040625 0.0796875
9 0.8484375 0.40625 0.0421875 0.0703125
15 0.7859375 0.3921875 0.034375 0.0546875
15 0.6953125 0.4234375 0.0265625 0.075
15 0.4734375 0.4765625 0.0390625 0.08125
11 0.2421875 0.421875 0.0453125 0.0546875
11 0.4578125 0.578125 0.053125 0.11875
7 0.3171875 0.4046875 0.040625 0.0984375
7 0.4734375 0.4015625 0.0359375 0.059375
12 0.390625 0.396875 0.034375 0.0828125
14 0.4078125 0.5015625 0.0484375 0.1296875
18 0.5765625 0.465625 0.0484375 0.075
2 0.6296875 0.3734375 0.0296875 0.0671875
22 0.671875 0.371875 0.0375 0.0609375
18 0.740625 0.4046875 0.0359375 0.0546875
1 0.721875 0.4703125 0.0515625 0.0703125
4 0.809375 0.44375 0.0421875 0.059375
20 0.721875 0.36875 0.021875 0.0375
5 0.5046875 0.3859375 0.021875 0.0671875
6 0.45 0.3953125 0.0140625 0.0703125
21 0.534375 0.384375 0.0171875 0.0640625
8 0.59375 0.359375 0.0296875 0.0453125
17 0.6015625 0.40625 0.0296875 0.0453125