9 0.10349510192052033 0.5875994730690287 0.119808579406528 0.2475385962128122
9 0.2018053153513884 0.5924955304470128 0.1290017414506252 0.23978063836728972
9 0.30169621257784673 0.5966012474659171 0.12082556553881965 0.22411018657189175
9 0.3984257422131245 0.602287645202981 0.11755509517409735 0.21784200585373253
9 0.48897800703076333 0.6048854043763632 0.10091310904180588 0.24117951190385653
7 0.6346171621410065 0.6235667058024188 0.09277330072118062 0.22707156010845858
22 0.7390319052071522 0.6346764017440845 0.09255509517409735 0.21769656010845856
22 0.8186648538203813 0.636556543431024 0.09844141926229177 0.20210792154477702
0 0.9359971709747217 0.6632139713205127 0.07681968597979179 0.14573974687674215
0 0.9704267223614924 0.6606702334207613 0.026637848023889178 0.13763635538619426
19 0.1891105192829511 0.3324483647559682 0.07939917211208343 0.12232042759490129
19 0.17513697862975658 0.42939154244906524 0.0594126740119445 0.06908634328594587
19 0.03865461797243021 0.4200306988685319 0.06896951196784729 0.07695338544042354
19 0.015867868398940867 0.310038075331965 0.03173573679788173 0.12519998789975162
1 0.2524807286297566 0.4289415696746242 0.06555357123840277 0.06443520472226431
1 0.31879605965180524 0.4324614794137405 0.07049564437666671 0.07539997579950324
1 0.4165977800165274 0.42564333197126436 0.0692604526972918 0.08945338544042354
1 0.4899625448341663 0.42834108509452234 0.0710047906531944 0.09727497579950324
1 0.5960482374634719 0.46834339549756854 0.0645729526972918 0.08942611436318479
1 0.5716261996600689 0.6450240701656036 0.042735626709236384 0.15803975897699035
1 0.5431596268061455 0.45849621770627547 0.0481478656913195 0.05496021077238851
0 0.545263721411562 0.636584856269957 0.014065112841527849 0.13443863251355737
9 0.03611476548322898 0.5763216054843902 0.07222953096645796 0.24423178903121964