1 0.407701709631623 0.8709372811538891 0.14890889077317446 0.10178331838861113
4 0.4860026927845954 0.6378903514423615 0.17876016508343398 0.10559930262104178
9 0.5277719544316988 0.30333481990722266 0.22693871551297526 0.161341462765278
18 0.4029368080043148 0.4822384570656947 0.13855124491161738 0.08281511284152784
18 0.336111156149864 0.5173570330537502 0.004769387155129756 0.001671602773541636
15 0.3532687579134578 0.6511871723964239 0.09916119629109836 0.07565592306201392
17 0.3187576390756937 0.7073456002080906 0.10895227611928178 0.05403549620027785
19 0.31090195273421806 0.899896122909514 0.056809921980838854 0.07154899810013901
15 0.31438215682723253 0.966302372909514 0.05015048620519007 0.06359102773541672
7 0.2955016027796466 0.8144852997712503 0.04373671189493056 0.060320557370694416
9 0.3081377216174107 0.7578177256830558 0.08074538896415202 0.05181837955902786
21 0.2886396918800842 0.6091074687492016 0.06997166327441154 0.05468880642076392
8 0.29350425429541316 0.5530393067051044 0.0936548247398008 0.05992182028847228
20 0.3611167209400421 0.3095997376509031 0.11848440637700657 0.08702983415618064
22 0.3173058452048731 0.3967535923243058 0.15409435775648764 0.08161628875333342
2 0.2872299208491851 0.47798475531833357 0.09702548620519007 0.06468205547083343
5 0.28303482304232014 0.6659386969977085 0.046042840343633 0.04476829255305574