19 0.5235884361118416 0.4600528580792996 0.1290255717855427 0.0625969336130419
19 0.5286814456596112 0.6309573539301147 0.13743006763635784 0.07100142946385687
19 0.40563134150578195 0.4587765458415264 0.09623638257342346 0.039916450209781476
19 0.40852046578083573 0.5072732454266078 0.09573947510489074 0.05386055103961844
19 0.40447435105355156 0.6301546383729935 0.11207487012586892 0.06441954274124875
9 0.3067901771887719 0.3986929960513078 0.11470296265733601 0.0786004419114116
9 0.3046608373565971 0.47428499190212287 0.10591995850815117 0.08570254689043359
9 0.3075741950349113 0.5542092902424489 0.09990675684847723 0.08835395020978147
9 0.30795454856404064 0.642182886923101 0.09088695435896632 0.09233105518880329
9 0.3068316016782515 0.7310561327739162 0.07994945435896632 0.09150226099766208
9 0.31031364441950016 0.8392238302844053 0.07343934523075965 0.10809776514684692
9 0.3086345904800967 0.9414967253053834 0.055564760997662076 0.07722627344521697
18 0.28119633610719724 0.289057886923101 0.08174875269929238 0.09474566016782511
18 0.2800491558181476 0.3465035340186716 0.06569677759440165 0.04692346680652095
15 0.2821738825734235 0.024228560163180764 0.11122276514684701 0.04845712032636153
16 0.281500298965026 0.07531469563638929 0.10279495850815117 0.0854657485501075
15 0.27937095913285115 0.15090669148720443 0.09031826929603186 0.06432445435896632
16 0.281407978428883 0.20889679024244895 0.08731166846619498 0.06565015601864026
15 0.2828763126619805 0.23864348982753042 0.0831210759347277 0.051350857678314196
15 0.394403963282036 0.13433265289514065 0.1065585759347277 0.05312684523075957
15 0.38943304336594853 0.17242464874595576 0.10511447510489073 0.05457094606059654
16 0.39449997427969813 0.2081845499907112 0.10906826929603194 0.0657452444009226
15 0.3947610060232846 0.24273714874595576 0.10234467261537983 0.05902164772027048
15 0.3971765336176863 0.2849838483310373 0.10835787427505376 0.0563702444009226
15 0.3879441661911098 0.31868434210725993 0.11676237012586883 0.06477474025173775
15 0.3889155929556745 0.3626119408625045 0.11929537427505377 0.057199038592063725
15 0.4027422172307282 0.4102798462564448 0.09898287427505377 0.055659849379944504
0 0.3994325761584423 0.6776808338088902 0.09263778589277134 0.033429651869455415
1 0.405328301263333 0.7243782350536456 0.11782796265733601 0.07883724025173784
1 0.40247691101623967 0.8008106804895423 0.12779495850815117 0.08736013527271602
1 0.39580178114210857 0.8578894746806836 0.11124607593472771 0.05348204274124839
1 0.4062432962889555 0.9231000775851129 0.15085395020978148 0.10464272365499809