19 0.4765625 0.5 0.0484375 0.115625
19 0.6375 0.503125 0.05625 0.125
19 0.46875 0.609375 0.0296875 0.0890625
19 0.515625 0.6109375 0.0421875 0.0875
19 0.6296875 0.6203125 0.0515625 0.1
9 0.4078125 0.715625 0.0640625 0.13125
9 0.478125 0.7203125 0.071875 0.121875
9 0.553125 0.7234375 0.075 0.1171875
9 0.6359375 0.7265625 0.0796875 0.1078125
9 0.71875 0.7328125 0.0796875 0.096875
9 0.8203125 0.7359375 0.0953125 0.090625
9 0.9328125 0.74375 0.1 0.075
18 0.3015625 0.7328125 0.0828125 0.0984375
18 0.3578125 0.7359375 0.0375 0.0875
15 0.0421875 0.7140625 0.0640625 0.121875
16 0.103125 0.721875 0.0734375 0.11875
15 0.171875 0.7265625 0.053125 0.109375
16 0.228125 0.7265625 0.0546875 0.103125
15 0.25625 0.728125 0.0421875 0.1046875
15 0.1640625 0.603125 0.0421875 0.096875
15 0.2 0.609375 0.04375 0.0953125
16 0.234375 0.6078125 0.053125 0.096875
15 0.265625 0.609375 0.046875 0.090625
15 0.30625 0.609375 0.0453125 0.0984375
15 0.3375 0.61875 0.0515625 0.1046875
15 0.378125 0.6203125 0.0453125 0.1078125
15 0.4234375 0.609375 0.04375 0.0890625
0 0.675 0.628125 0.0234375 0.0859375
1 0.71875 0.625 0.0640625 0.1046875
1 0.790625 0.6328125 0.071875 0.1140625
1 0.84375 0.6421875 0.0421875 0.1015625
1 0.90625 0.634375 0.0859375 0.1328125
1 0.9765625 0.6390625 0.046875 0.134375