8 0.81875 0.3453125 0.1671875 0.33125
17 0.70625 0.6640625 0.0171875 0.0390625
2 0.6859375 0.64375 0.015625 0.040625
21 0.6640625 0.625 0.009375 0.0328125
16 0.675 0.6328125 0.0109375 0.0328125
11 0.734375 0.6578125 0.0390625 0.015625
18 0.7515625 0.64375 0.0140625 0.0265625
12 0.7046875 0.6328125 0.015625 0.0203125
4 0.7265625 0.6375 0.015625 0.0328125
9 0.709375 0.6015625 0.015625 0.025
15 0.68125 0.6 0.0140625 0.021875
10 0.65625 0.61875 0.0078125 0.03125
15 0.74375 0.6703125 0.0296875 0.015625
19 0.740625 0.63125 0.0125 0.0296875
0 0.7578125 0.621875 0.0078125 0.0125
19 0.8234375 0.6984375 0.046875 0.0234375
15 0.8546875 0.7109375 0.0421875 0.0125
15 0.8828125 0.715625 0.021875 0.0125
14 0.725 0.6078125 0.01875 0.0234375