9 0.224373894790254 0.2839855864830036 0.16283155832640733 0.281855179126093
9 0.3330458992388783 0.3013144410221746 0.16289522532260178 0.283417679126093
9 0.438497403193211 0.3164086729660072 0.15645422433401848 0.2785119243167696
9 0.547886990645641 0.3321477456540127 0.16101439034162973 0.27555061542376225
9 0.6558732455885568 0.3518476320443491 0.16283155832640722 0.281855179126093
9 0.7463218320524035 0.3635539691603249 0.15788939034162972 0.2754414880191005
9 0.850179002508639 0.37792151480648845 0.17188822334543552 0.27437006134007813
9 0.9325153641441755 0.3965499745178025 0.134969271711649 0.27856648801910044
19 0.21577612209002206 0.5721949146133047 0.12093853558899426 0.17273315027015243
19 0.43336021151961823 0.5935440918404812 0.10024403361182799 0.16264882213985138
19 0.2391897643716371 0.4555877679713493 0.06300401878308026 0.09113592068857254
19 0.2998871838392894 0.4667683154316114 0.08012785178688589 0.09017362141421188
19 0.4523728552841081 0.4841318863055184 0.07206068380210837 0.08365080290255769
7 0.9820842826232447 0.3948312178943806 0.03583143475351065 0.24075397477225655
1 0.5549540272232184 0.5055852456540127 0.0930735207602467 0.10154763103285873
1 0.6290281971851623 0.5186457516444625 0.0850063527754692 0.09502481252120454
1 0.7569913711014389 0.5486010917556632 0.10008752471457942 0.12051588584218216
1 0.8317831240671885 0.5600718158949476 0.09677152372599629 0.11571925843752044
1 0.9199370400747997 0.5538639667132542 0.09887785178688588 0.09082838584218215
0 0.7002174476794538 0.5185068531884085 0.046296679847775656 0.06402778366526399
1 0.504094522774594 0.48623753412860005 0.044797846843970035 0.06553571996293321
1 0.6750264466908706 0.5146923724257022 0.030417011862998146 0.05723214664195542
15 0.1692446788963735 0.4478596027250724 0.07569501977166349 0.0962599303072194
15 0.04340242049341655 0.41235366706037546 0.05853669467652327 0.1346676658792491
15 0.10153325547438852 0.41814731007413375 0.09498353064607841 0.14842263103285874
18 0.08093030091203349 0.23892360154394607 0.10923171444818677 0.2300545769491748
18 0.14524746889681106 0.24293648974838095 0.10715987847863162 0.21750001324684387