9 0.2421875 0.6046875 0.0875 0.2390625
9 0.334375 0.603125 0.0875 0.2375
9 0.425 0.6046875 0.0828125 0.2359375
9 0.5203125 0.6046875 0.0875 0.2265625
9 0.6125 0.6015625 0.0890625 0.2328125
9 0.690625 0.6015625 0.0859375 0.225
9 0.78125 0.6046875 0.0984375 0.221875
9 0.8703125 0.60625 0.1015625 0.234375
19 0.2703125 0.3515625 0.0734375 0.1328125
19 0.4578125 0.3625 0.05625 0.128125
19 0.275 0.4546875 0.0375 0.0703125
19 0.328125 0.453125 0.053125 0.065625
19 0.459375 0.4578125 0.0484375 0.0609375
7 0.9515625 0.6109375 0.096875 0.2046875
1 0.5484375 0.4546875 0.0625 0.0734375
1 0.6125 0.453125 0.05625 0.06875
1 0.7234375 0.44375 0.065625 0.0890625
1 0.7875 0.4453125 0.0640625 0.0859375
1 0.8625 0.4609375 0.0703125 0.0625
0 0.671875 0.4609375 0.0296875 0.0484375
1 0.503125 0.4640625 0.0265625 0.05
1 0.65 0.4609375 0.015625 0.0453125
15 0.2171875 0.4515625 0.0484375 0.071875
15 0.028125 0.46875 0.053125 0.1234375
15 0.090625 0.4640625 0.0546875 0.1109375
15 0.1546875 0.4671875 0.0546875 0.115625
15 0.021875 0.6296875 0.0421875 0.2046875
18 0.09375 0.6265625 0.09375 0.209375
18 0.1703125 0.6328125 0.0515625 0.2