9 0.6484276898368193 0.09466369833801208 0.1313935551888033 0.08801212852981448
11 0.5492699846526603 0.20168423964166574 0.12646925684847724 0.08475073620994644
11 0.6801764425361115 0.18299877263204917 0.0986043659766839 0.06679034639736088
12 0.6849025991794517 0.35903007521847397 0.07362767676456468 0.04579588479802066
15 0.6070969078927401 0.3448515664429853 0.09500576929603195 0.06044941818411544
15 0.5836416327971381 0.6759484537482884 0.08347627344521662 0.05231866943775678
15 0.5882493902703153 0.8504172563347133 0.060393970955705714 0.056324207838416386
9 0.5514131637155321 0.9015993231069028 0.10326855518880329 0.08719377461060632
9 0.6314843691001836 0.5116980856433152 0.08960787427505376 0.05093802586424747
22 0.6308960637108877 0.710590226709542 0.08144017676456468 0.04602320533113406
18 0.5824119421351263 0.7527155422280905 0.07973596680652104 0.06468227711788863
4 0.5317616693146094 0.7972528039065729 0.08622276514684693 0.0679891335443795
1 0.5377245589370029 0.6279572346271008 0.09872276514684693 0.06835284639736088
20 0.6284115263682237 0.7811300472426554 0.04479228174358667 0.03560253087881229
2 0.6412406452446927 0.6507833176966266 0.07914397095570572 0.05686977711788863
8 0.6513367730442314 0.5980303907370225 0.08636447510489073 0.04928459765100222
17 0.6135165417155635 0.5638970831360327 0.08456517676456468 0.0461141335443795
19 0.5899471419207004 0.46984320625557086 0.0912887734452168 0.05254598997087001
7 0.688606094405567 0.27357830852542653 0.10305506763635783 0.06380173871722894
7 0.6498064713799131 0.41251042788404096 0.10281826929603177 0.060676738717228854
5 0.6641425811328198 0.4880416252976162 0.06666728174358649 0.036239028371529966
6 0.6681071081025214 0.4370330547645028 0.07916728174358667 0.03660274122451135
21 0.6525431529183626 0.541621266363843 0.07436138257342347 0.034903848904643375
14 0.620553911417225 0.2434565510035791 0.11747276514684693 0.06889841567683304