0 0.49245709697704926 0.7863526739806639 0.1760910277354167 0.04789312021691714
0 0.7267703602760767 0.41589122481754454 0.22489351006798622 0.13097833098930564
0 0.38471406610750053 0.6209044151018694 0.11279224715020844 0.08033291549465282
3 0.41965341698118114 0.6789123578220811 0.15686955547083342 0.0946499455488821
15 0.568927371578334 0.7157134419346448 0.18550370174736114 0.11668857201231528
15 0.5086055077868755 0.6075645986486989 0.16671733415618065 0.11501698770335977
15 0.6825872152338199 0.5648327188656161 0.19306162860909737 0.10579652380771343
15 0.5229388050895838 0.518597547419035 0.17231271751493066 0.08692834913967822
15 0.3766463397588547 0.5763322584860111 0.1694059230620139 0.09628516842151917
22 0.34183362224392405 0.4902038609453392 0.17903549620027787 0.10727721057599666
22 0.5292238662600004 0.4530179992144331 0.2183162017473613 0.1168794695529872
18 0.7858057470532992 0.7036957518467117 0.21493662860909718 0.10592378883482798
18 0.5974167007005214 0.7650912732185382 0.056904616641249996 0.028452252926866352
21 0.4170570534740631 0.7687288367448423 0.15236389342673623 0.10243517447164337
20 0.5814078813619796 0.6478265051663614 0.1755468202884723 0.09163402985783761
19 0.7536978426086463 0.4988491705628184 0.19960256933854179 0.11833288524403188
19 0.7162569664680909 0.7360991856881289 0.19058993882958325 0.06672493344863391