0 0.5369368402320914 0.5971036818220762 0.09914126413349429 0.16408186525911966
0 0.36294274027751994 0.6852191107981882 0.07226450361804462 0.09804776217486459
0 0.21171659147528682 0.3537896530048249 0.09198386137453216 0.17644549756436803
22 0.2396313930364819 0.6998600836057898 0.0891930540475859 0.15298072402541774
22 0.22849025441101412 0.5252146396121443 0.101440748529662 0.17817163879807013
15 0.35687088195520544 0.5627810491097909 0.10802494120271566 0.15487050649282175
15 0.462537705790495 0.5273736087695932 0.09420810266810484 0.1593125446422686
15 0.33948306535600503 0.4030748125024715 0.10703565128862387 0.16578073295387127
20 0.3999901181603955 0.4995855738665572 0.08302494120271567 0.1544341298696164
19 0.5272287268213942 0.39511448782843067 0.11969942559888339 0.16912392126547413
19 0.28235664009580586 0.34631234375205955 0.10456574852966191 0.17822618587597078
21 0.4993272976044662 0.6594224496789838 0.0873096494796016 0.11704322402541774
3 0.42161173338011493 0.6529736266265008 0.08763055404758582 0.15295345048646744
15 0.3081733531223902 0.68773618466145 0.07809177973732648 0.14966480925276535
15 0.27972852781676244 0.5453947260573079 0.07973616689245625 0.15125458279171547
18 0.5457563195398765 0.5032854979747003 0.0717798247398008 0.05901253571381489
18 0.4814492373368438 0.3303486043053664 0.09354636137453234 0.17647277110331833