11 0.43949889870740566 0.06968744038920238 0.11743685079830275 0.08679565027015249
11 0.5468936101526618 0.2484895082678845 0.08166117688202608 0.05122024881887359
15 0.466569440190718 0.2668972570867581 0.09779551285158128 0.06426588584218215
15 0.3656847835374658 0.6175817925661207 0.12493101581733086 0.07925596878180663
17 0.43678780380342086 0.5191418033658938 0.1039818458553869 0.06292164065150559
18 0.32760782749223605 0.8053645347615724 0.1193813527754691 0.09622521397248321
22 0.4414329055531258 0.8263541026402544 0.10468218281352507 0.08010914065150558
20 0.36888013182712964 0.9412276236916466 0.1300641847906915 0.09035715988879929
21 0.4905547909518397 0.578115010081983 0.09422484387822046 0.05321925843752044
19 0.42947400540002645 0.35400787668687156 0.10579901384016459 0.06922620435383653
14 0.4874814594680899 0.1748908063611187 0.12193334980971962 0.08227184137714501
10 0.5484362055137572 0.1914855401190499 0.07834517589344295 0.04642362141421193
9 0.5340500533463104 0.1233357408446893 0.08016234387822045 0.05272818511654283
7 0.5516182608372338 0.3239979397562302 0.09278967787060921 0.056289694735189674
7 0.5037590809894581 0.38808028712382503 0.10366351087441501 0.055109140651505586
9 0.47391773068544707 0.46947662006344953 0.10860567885919252 0.06152283175849824
12 0.5588776625103891 0.39473702569107966 0.046713173916276676 0.03595734736759484
2 0.45553650931717804 0.7291244385751039 0.112622016805914 0.08350695916315978
8 0.481598943613578 0.6447395148913064 0.12155134783255317 0.0728968413771451
5 0.5203497203053237 0.5170038952911931 0.06578150889724857 0.044424611795565026
6 0.546892315666419 0.4591269079050647 0.04084517589344294 0.045114092558271326
4 0.256014011788636 0.7243898424734534 0.09288251977166348 0.09686013103285873
1 0.32613148809982084 0.43953120363604625 0.1264298488211364 0.07774803248413757