11 0.9838190760824803 0.4718458149138437 0.03236184783503937 0.11399256763635783
10 0.8986969783180282 0.5965400068252553 0.054550263083592655 0.08191377344521662
11 0.8418022362105357 0.6032053265362057 0.05583974729857673 0.07734467261537965
15 0.8183199626035996 0.5233761165781619 0.06832433674699842 0.10473596680652086
15 0.47783219952000716 0.47070693816321213 0.07888240514873246 0.12575886182749904
1 0.6524912943006876 0.4111748823497089 0.09000191567207594 0.12971265601864027
19 0.7329061073701627 0.4984604721818838 0.0813703683170294 0.11505816016782511
7 0.7609162572572232 0.615612083384683 0.06850634727034208 0.10786096680652087
7 0.6965128520379038 0.5741951006061223 0.07217737884037305 0.11747276514684693
9 0.6182212520661385 0.5503091599441106 0.07373987884037306 0.11759116431700996
21 0.5093845783603804 0.5813125514406037 0.05987479991529536 0.09320647095570571
8 0.44890980994452895 0.5804021694918802 0.07401289462538863 0.12227866431700996
4 0.39283630226378263 0.3586581466713633 0.10708299985882563 0.15589664772027056
9 0.09004523123121269 0.3604154365128269 0.14714655773721602 0.17604412697434615
20 0.18443851529090538 0.5125564317389422 0.10039338410204497 0.12116645020978148
18 0.3110241311182732 0.46294475020049264 0.10562691567207612 0.13089664772027057
2 0.37259023365028704 0.5634290796597053 0.08771137357870132 0.11709425684847723
22 0.2819652336502871 0.5702962315291608 0.0854208314853265 0.1044758576783142
17 0.5665376547252093 0.5251916833893273 0.0735578683170294 0.11446616431700996
5 0.56865316254713 0.6019317821445719 0.0535492052052021 0.0647262734452168
6 0.6256690019955513 0.6242911116037845 0.044371626280124234 0.04069677759440164
12 0.6993263098739417 0.6359730501912039 0.03913809471009326 0.030966580083912554
9 0.9665901336079348 0.5631462437530008 0.061983331485326684 0.10269987012586874
14 0.9162415231128259 0.5340041180280546 0.09983194198043535 0.13823555103961843