10 0.5927338455571393 0.847534736229201 0.13340330517696727 0.0936071424768059
9 0.5408065954865522 0.7746252195117009 0.16519933674699844 0.10370949430041669
9 0.5894301661661863 0.3818376542572217 0.10207771046687401 0.06479115824437506
9 0.5461854842855717 0.0660866741088537 0.09123121572854594 0.06609908510611118
15 0.5728320132953539 0.13100250608083286 0.07019067363517095 0.05312630642076392
15 0.5534534107633402 0.2359991306058676 0.09179265785015538 0.0489479526972918
15 0.531360789956649 0.4947565347661801 0.10364021046687384 0.06482752583555573
11 0.6305817270283484 0.7335261344055898 0.0738617052052021 0.0625740416031249
11 0.4211821531531809 0.5378908985576386 0.14884629465362345 0.09084581838861112
7 0.6371040137894642 0.6483335168144092 0.12110072625188942 0.06991506933854179
7 0.6143930978350394 0.4756597362292009 0.07653167889684287 0.054834276785486226
12 0.633424547919744 0.5641585385659023 0.10336719468185844 0.060140025835555735
14 0.5143560295038926 0.5723912254956246 0.15803928413027996 0.08793902393569457
18 0.5256861845820378 0.3778599754956245 0.09784523677523324 0.07249455547083343
2 0.619389952927302 0.2960995227983328 0.0840711631118273 0.05032861474138901
22 0.6151343634082934 0.24860692695864534 0.07992969468185844 0.059594511967847284
18 0.5650503343985112 0.18423660885437454 0.07184417889684287 0.0547251740119445
1 0.4951249712725663 0.21941234907072876 0.0933397472985769 0.0755104526972917
4 0.5111510606504005 0.11839470972805513 0.07845819994353036 0.06112064437666671
20 0.6082088001976441 0.19337456630131894 0.048786110495108836 0.033903527735416716
5 0.6260432293768357 0.4363790306821175 0.08205363680346807 0.042479747150208524
6 0.6262637662791257 0.49956936170416616 0.08307010523343691 0.03314111474138883
21 0.6248293398719444 0.4036392658644786 0.07534861049510884 0.03452177678548622
8 0.6422513292780136 0.3322363913394439 0.05870714206513981 0.043496733282500075
17 0.5881630687546698 0.3366160732351731 0.05870714206513981 0.04349673328249999