9 0.1140625 0.4265625 0.0640625 0.1140625
11 0.23125 0.5140625 0.0625 0.109375
11 0.1953125 0.3890625 0.0484375 0.0828125
12 0.365625 0.3671875 0.0328125 0.0640625
15 0.3640625 0.44375 0.0421875 0.0828125
15 0.6890625 0.434375 0.0375 0.0734375
15 0.8578125 0.4125 0.046875 0.046875
9 0.9140625 0.4421875 0.06875 0.084375
9 0.521875 0.403125 0.034375 0.0796875
22 0.7171875 0.384375 0.03125 0.071875
18 0.7640625 0.4265625 0.05 0.065625
4 0.815625 0.4734375 0.0515625 0.071875
1 0.65 0.4828125 0.0515625 0.084375
20 0.784375 0.38125 0.028125 0.0359375
2 0.65625 0.38125 0.0421875 0.0671875
8 0.603125 0.3765625 0.034375 0.0765625
17 0.575 0.415625 0.0296875 0.075
19 0.4875 0.4484375 0.0359375 0.08125
7 0.2828125 0.3703125 0.04375 0.090625
7 0.421875 0.3953125 0.040625 0.090625
5 0.49375 0.375 0.0234375 0.0609375
6 0.44375 0.375 0.0203125 0.071875
21 0.5484375 0.3796875 0.021875 0.0671875
14 0.2625 0.440625 0.046875 0.1046875