15 0.495930117998091 0.04875275436260087 0.21126476400381797 0.04287518689433423
16 0.5252721726607275 0.08051620659217384 0.224455654678545 0.1031242720436281
15 0.5279239106460919 0.18860185820132816 0.23406701201463562 0.12409233590559854
15 0.5637784999602291 0.33263036364920984 0.2137181493475449 0.11954694753799604
15 0.345439221992364 0.08045123257107431 0.1432056546785449 0.09744271857321787
15 0.3732994979710468 0.23955843480064729 0.12114884134309048 0.08028806956195353
15 0.3858716759627744 0.301424650271772 0.14471361067790856 0.09286447921687965
15 0.4014961286203203 0.36975938703022027 0.13528406667727227 0.08752141535490923
15 0.40623762527850255 0.4326417992830363 0.1259454293443632 0.0899908514929388
15 0.410970031269912 0.49630546153585237 0.11486247867599957 0.07672602698730664
16 0.3507801553150917 0.15901327514572125 0.12285679201145401 0.09289733020561534
16 0.5504796159691377 0.26602201785625423 0.21649770401018137 0.09007796882531949
19 0.302666635264185 0.5309539771231927 0.14307838534372683 0.08650521857321784
19 0.43081890726450317 0.537569599903455 0.10824885200509068 0.045038984412659744
19 0.4130677859245944 0.5848052328231759 0.07107611600890866 0.07054172896477802
19 0.34042862257323153 0.7126463735365669 0.1368829293443632 0.09075567599857096
19 0.4373672572406406 0.7139517834435944 0.06013861600890884 0.06977690445914586
9 0.5686092612587762 0.5894266668675184 0.2560692813494537 0.13655948491686268
9 0.5817172412476402 0.6724412626604741 0.24983746268299925 0.1376849423422158
9 0.5932263585694135 0.758471597809768 0.24838405068427197 0.14695068169855396
9 0.606979228556687 0.8532595739245545 0.2514908693507266 0.14560670298587758
9 0.6168531205442783 0.934887724273201 0.24375109468490824 0.13022455145359793
9 0.6247196172024606 0.9824456032960869 0.22114884134309049 0.035108793407826154
0 0.44924000123332275 0.7687321185928884 0.052162484006999674 0.05516810124083733
1 0.4485672918921413 0.8265446185928884 0.07587270401018138 0.0802445108957631
1 0.4587320852164599 0.8937156930985204 0.06954997867599957 0.0735574683211162
1 0.4653355265356879 0.9799217188253195 0.09144316000954511 0.040156562349361026
0 0.473829826543642 0.9401207995351377 0.04900112133990895 0.05182457995351371
18 0.5761961366168205 0.40777782912033456 0.20416133601209036 0.10326638367602552
18 0.57389729260823 0.47094981847667283 0.2247283746817267 0.1265617720436282
18 0.5858336712683212 0.5202614036259667 0.19120680267345413 0.06332979852673173