10 0.2116567825687791 0.1489673827529566 0.08648287427505377 0.05084709765100208
11 0.2212201141025842 0.20793320579335245 0.08203217261537983 0.05383570533113406
15 0.31220031161307327 0.20060878760923698 0.11086756763635792 0.06402905925034234
15 0.4709302358788383 0.5233917550810719 0.13345296265733603 0.07404055674305994
1 0.4813386300746238 0.32430939740094 0.13596265601864027 0.08658602084968256
19 0.3633708026900036 0.2762930977175091 0.12275226099766216 0.0768473079967011
7 0.2334581597436179 0.2933251365138803 0.11555506763635792 0.0641654515702104
7 0.29595723712823807 0.34295541198241636 0.125285265146847 0.06912573620994644
9 0.3435766757156575 0.4140658823572451 0.12372276514684692 0.06908027210332364
21 0.3438349396131047 0.5341055977175091 0.09933807178554285 0.0558983105039836
8 0.3633769223916652 0.5951196540648576 0.12997276514684702 0.0692621285298145
4 0.6135904099441106 0.5644533611118513 0.16515324855010755 0.10146687476889085
9 0.6925027796457721 0.8809839800747543 0.15246491701630233 0.16034176959604132
20 0.5150415530909889 0.8362578164429852 0.12585395020978146 0.09720527210332364
18 0.5294144742564761 0.68772938822974 0.1372650468904336 0.10377352084968247
2 0.4048055605641661 0.6656307308661771 0.12178175684847722 0.08461434389007838
22 0.4242049107693031 0.7593890910535915 0.10928175684847723 0.08425063103709682
17 0.38725489812125585 0.45488945915856477 0.12047936597668389 0.06742684389007839
5 0.304950960983729 0.4814496106496328 0.0678512734452168 0.051864028371529966
6 0.26420848442894573 0.4327453376883793 0.04237767676456468 0.04488660266556703
12 0.23047394708628183 0.3635694403539463 0.031203378424238613 0.04144335391920828
9 0.22640728941725635 0.06746733016653186 0.1103939709557058 0.0577790592503423
14 0.2718848101631807 0.10512044286122872 0.14604805103961843 0.0962338054894186