1 0.15202604604749861 0.36211260415382923 0.10341152667183913 0.14448555103961844
4 0.3582604574071675 0.48386124005124503 0.10726985030926076 0.17272895020978146
9 0.6684967136160853 0.5930525215943389 0.1638385857653933 0.21894202199532414
18 0.5185121733184627 0.4370482074824659 0.08558629788366652 0.13537066016782512
18 0.4935916637755648 0.36677067366428695 0.0019451372729037074 0.00480589917016303
15 0.3655942095331994 0.355499441710919 0.07614765394280303 0.09583456348717308
17 0.31760299074696635 0.30784226909553924 0.05736570303441742 0.11304537427505376
19 0.13726165756664704 0.2540866166013839 0.0729270590935541 0.07540366431701004
15 0.07370934059718517 0.2429822506246999 0.06460437606301594 0.0685616684661949
7 0.22123804483955062 0.2557334722051057 0.06096919303247787 0.06207487012586892
9 0.27185992711148443 0.28079359440556695 0.056090245458072105 0.09742037427505376
21 0.414174972869119 0.2900054188904022 0.05832242515463051 0.08671967261537983
8 0.46693331105040803 0.3081526902610265 0.06336061151914833 0.11039397095570588
20 0.6861938808948078 0.434032719104828 0.08692565727678278 0.11373245850815117
22 0.6109704824120167 0.37330686142651376 0.08348166394474266 0.14763386182749905
2 0.538043036504601 0.32297405208852564 0.06741038273097573 0.10293666846619498
5 0.3619427931725607 0.27504234710485936 0.047289330305381405 0.06569677759440165
6 0.3212698668099823 0.24366136992537618 0.028890274545807237 0.011506185062934372