19 0.6528464046760858 0.3531555947928478 0.20241402866891214 0.14051981648875014
19 0.7900121181356894 0.5780127372696533 0.1955273587069682 0.12474934612402784
20 0.5925521863107474 0.5016099721676741 0.15981535178688588 0.09113675911805572
18 0.5670362386684745 0.35428037727791717 0.11606535178688589 0.09011846656500015
18 0.7317354086304185 0.37372397435187554 0.184080522737413 0.11199477298576407
0 0.8039738004549228 0.6524860604079172 0.1836985207602467 0.1026197729857639
0 0.4452859140676259 0.3928135875746531 0.16513952174882984 0.10687086189159736
3 0.4412907752460519 0.5246266320275698 0.1568813527754692 0.09575152393569457
0 0.43211870509382766 0.5868538750937156 0.09323534684397003 0.06617182028847228
21 0.407734175930624 0.44813621399954895 0.1335075197716634 0.09676851006798622
15 0.5483273424325269 0.45062804720579913 0.16332235376405216 0.10058449430041669
15 0.44581113197585376 0.6355641320275698 0.14300985376405234 0.10011171561506949
15 0.5481283656642313 0.5606751944322574 0.16246019072219048 0.11773562670923621
15 0.7071704432308296 0.5370591225282645 0.16919035178688588 0.091354964665139
15 0.5923041299986874 0.6296076855985422 0.16306768577927463 0.09433449430041688
22 0.4610806463103098 0.7038238227570142 0.1720261917107738 0.12264133225631965
22 0.6294658903788107 0.6796447064001047 0.18382585475263546 0.10574477298576408