8 0.24799311416679298 0.1936237767345796 0.38418514422102235 0.23816463797450638
17 0.6085357044276767 0.26212535450243146 0.047020445745273955 0.025272710772388508
2 0.5922612646343313 0.28468615573209555 0.045448855386194253 0.023701120413308983
21 0.5744561410977643 0.3127066166026799 0.03759090359079611 0.015843168617910842
16 0.5806379634046672 0.30102422803899836 0.03759999394987581 0.01740566861791084
11 0.5974209424256242 0.23159297198887416 0.022138620413308985 0.045439765027114644
18 0.579361288834828 0.21586343285945855 0.03135908430895533 0.018931807181592396
12 0.5765408158639952 0.2681890021412993 0.02511817466803503 0.020457945745273865
4 0.5771857104778009 0.24475604732083914 0.03606476502711473 0.02208407825883123
9 0.5413800206844555 0.26720321906200795 0.02981476502711473 0.0220477168225127
15 0.5439055778660478 0.2984668546006274 0.02510908430895533 0.018895445745273864
10 0.5698322736113216 0.323616845525441 0.03445681323171641 0.01426248789975162
15 0.6082948099120669 0.22071910450243148 0.022074987899751618 0.03450226502711464
19 0.5685056020665445 0.22986230034590122 0.03448408430895533 0.01894998789975162
0 0.5551289032962086 0.21337878229372448 0.015688632513557364 0.0110284035907962
19 0.6249596142649889 0.1309753484523073 0.03312157220870695 0.05331589754067201
15 0.6317817860061576 0.09507875506816557 0.020585210772388507 0.04699317466803503
15 0.6331579336450254 0.06305659542724518 0.017332945745273776 0.02509999394987581
14 0.5451908219141194 0.2508196949597069 0.029832945745273776 0.025172716822512698