10 0.42801600332156325 0.9186028309894582 0.13499455547083344 0.09916169467652339
9 0.4848822927404868 0.8419965686321685 0.16649912860909738 0.1113725346004113
9 0.45754888801149346 0.44038498908840407 0.10156380642076393 0.07126218775644108
9 0.5164452304327085 0.1150228917501424 0.09215243882958327 0.06931768577927469
15 0.4867408530578821 0.18270248167403022 0.07154899810013901 0.05599001482874764
15 0.5009871506449308 0.29081872920257223 0.09178876291777768 0.05369268577927464
15 0.5086775897588547 0.5540363122063778 0.10305357123840295 0.06820085475263546
11 0.3940384339830215 0.8026886709133461 0.07336607123840277 0.0669911818249421
11 0.62061519851632 0.5924847054765762 0.14898432028847247 0.09660969764227297
7 0.39354616508132007 0.7143437539171517 0.12194904160312507 0.07521485870696801
7 0.4246292448690977 0.5379112465027779 0.0778717332825 0.05936968281352506
12 0.40095731515757 0.6295867519399854 0.10294446846486113 0.06351335475263546
14 0.5229959693178825 0.6316519762368228 0.15984908510611112 0.09393036661563361
18 0.5207574028291323 0.4346814757425312 0.09858427678548623 0.07738485376405216
2 0.4305123029053822 0.3539036610275143 0.08397626291777786 0.05337435079830275
22 0.4379968413743753 0.3058972425484451 0.07947060087368066 0.060995849809719616
18 0.49115690254479183 0.23804389768164141 0.0715853656913195 0.05755251482874755
1 0.5607615409375349 0.27196129984908823 0.09237064437666671 0.07869268577927473
4 0.5505124123284377 0.16759213483006016 0.07957970364722229 0.06568334980971957
20 0.4460807918874655 0.2500464905712788 0.04767508700597212 0.0362850098858317
5 0.41588937129399345 0.4983858314837498 0.08383079255305556 0.04712435079830275
6 0.41191169253239635 0.5626711659704302 0.08357621941479162 0.03618685079830275
21 0.41903190187920175 0.46541416399326374 0.07580008700597211 0.03743101581733086
8 0.4056038750937156 0.39245416646472175 0.05886716014423623 0.04766817885919252
17 0.46040047786725735 0.39491332159791803 0.058867160144236055 0.04766817885919252