8 0.2676304201145402 0.8452499092481369 0.3819238040260897 0.19439645725634697
17 0.6301838694302683 0.7176804629136878 0.0455488573360908 0.020576120413308984
2 0.608054330760632 0.6956781978865731 0.04709317600254544 0.019022710772388506
21 0.5858702480903595 0.6689884328594585 0.037609088001272536 0.009593168617910841
16 0.593828198758723 0.6815338846548566 0.03920795066836362 0.01272725897699054
11 0.6243156774347226 0.7504566014773694 0.017714758672817865 0.04541249394987581
18 0.6073645347708133 0.7706691075274936 0.03143181333545435 0.015806807181592396
12 0.5942281880967227 0.7159088846548567 0.023655676002545433 0.018886355386194254
4 0.60076908943345 0.7409452460911752 0.037718176002545435 0.01896816861791084
9 0.5583634134309046 0.7219498063960255 0.029905676002545435 0.018922716822512696
15 0.5564191054264503 0.6891282160369459 0.02518181333545435 0.015770445745273774
10 0.5779486600890869 0.6595679810640604 0.036046588001272716 0.009584078258831142
15 0.6384872654359952 0.759913414709086 0.017587489337999786 0.03447499394987581
19 0.5947009027689043 0.7565338846548567 0.03453863200190917 0.01426248789975162
0 0.5839997601049951 0.7767827521412993 0.01417158800127254 0.009456813231716588
19 0.6723724641151765 0.8522918122497579 0.027180665340545217 0.0532795361043533
15 0.6852906347867218 0.8883020351223948 0.01618862133990877 0.04852840359079593
15 0.6919224427911761 0.9211508965587132 0.014353401336727068 0.02508181323171641
14 0.5663759080999045 0.7391827581914235 0.028379538669636162 0.022038626463433176