9 0.9341133842470306 0.5531224985567672 0.12159342531467203 0.14579199710451576
4 0.6722286908857263 0.5527758579434453 0.0650115385920639 0.11824488585581072
1 0.4064368249090425 0.5008667173301236 0.06477474025173766 0.11511988585581072
19 0.28388547345450554 0.4148457882559569 0.07175844606059653 0.10454625889134021
17 0.45313238092303837 0.3928508560814185 0.04917305103961844 0.09415241439185813
15 0.5617153981444778 0.449730094708879 0.050735551039618444 0.094225188998964
18 0.7137398394311896 0.4591135951231637 0.0513275468904336 0.10203768899896418
15 0.8862310686852652 0.49028005025217813 0.06913035352912936 0.09041098428423418
2 0.639211590881082 0.36536790322871565 0.06058414772027056 0.10091183664159917
20 0.815278106027929 0.4230240837506242 0.08546574855010754 0.1005137303552928
22 0.726948389221408 0.3644175252307876 0.06432445435896632 0.08863016046291676
8 0.5597958554032291 0.34162649628045555 0.05840634108157481 0.11326628742738745
21 0.496703859552414 0.33672498056468986 0.05842965186945541 0.0930265620344933
9 0.3935555487645333 0.36191337924078226 0.055873336932389786 0.12093323821317573
7 0.29594592034029465 0.32569124297068663 0.06276195435896632 0.0885573858558109
7 0.200987695235404 0.2830735574863793 0.07043274440092259 0.10759848428423427
15 0.1658449458601039 0.3780072218782375 0.06238344606059654 0.10410961124870503
11 0.10903699357573002 0.29049225930562494 0.0616730510396184 0.09473461124870504
14 0.06106235747782156 0.36093534594722404 0.07209033278320494 0.12947348428423436
10 0.035267606853121636 0.26883989123249435 0.025308575934727694 0.046331344499481994