11 0.0828125 0.50625 0.06875 0.1046875
11 0.2765625 0.415625 0.0375 0.0734375
15 0.2828125 0.4953125 0.0484375 0.0890625
15 0.6109375 0.621875 0.059375 0.1125
17 0.5265625 0.54375 0.046875 0.0953125
18 0.7890625 0.6734375 0.078125 0.1046875
22 0.828125 0.565625 0.065625 0.0921875
20 0.9296875 0.6453125 0.0703125 0.1171875
21 0.5921875 0.496875 0.0390625 0.0859375
19 0.3625 0.5390625 0.053125 0.0953125
14 0.1953125 0.4671875 0.065625 0.109375
10 0.2203125 0.4109375 0.034375 0.071875
9 0.1515625 0.41875 0.040625 0.071875
7 0.3515625 0.4171875 0.0421875 0.084375
7 0.4078125 0.4703125 0.040625 0.0953125
9 0.4828125 0.5046875 0.04375 0.1
12 0.421875 0.415625 0.0296875 0.040625
2 0.7359375 0.54375 0.065625 0.1
8 0.65625 0.5109375 0.053125 0.1109375
5 0.5359375 0.4640625 0.0359375 0.0578125
6 0.484375 0.4328125 0.0390625 0.0328125
4 0.6984375 0.7390625 0.0828125 0.0828125
1 0.4296875 0.646875 0.059375 0.115625