19 0.3921875 0.6390625 0.0875 0.1609375
19 0.6109375 0.7046875 0.075 0.1578125
20 0.509375 0.55 0.05 0.13125
18 0.3765625 0.5625 0.0609375 0.0890625
18 0.4234375 0.7015625 0.0640625 0.15
0 0.678125 0.7 0.0546875 0.153125
0 0.3890625 0.446875 0.0640625 0.1328125
3 0.5015625 0.4109375 0.0546875 0.128125
0 0.553125 0.3890625 0.0421875 0.0734375
21 0.428125 0.4 0.0609375 0.1046875
15 0.45625 0.5234375 0.0578125 0.1328125
15 0.5984375 0.3890625 0.0625 0.1125
15 0.5515625 0.496875 0.075 0.1265625
15 0.5609375 0.64375 0.046875 0.140625
15 0.61875 0.5203125 0.0515625 0.134375
22 0.659375 0.3875 0.078125 0.134375
22 0.66875 0.540625 0.0578125 0.1515625