1 0.1984375 0.371875 0.0828125 0.128125
4 0.4078125 0.465625 0.084375 0.1546875
9 0.7125 0.5359375 0.1328125 0.19375
18 0.553125 0.4046875 0.0671875 0.1203125
18 0.521875 0.3390625 0.0015625 0.0046875
15 0.3984375 0.3421875 0.0625 0.084375
17 0.3484375 0.3015625 0.04375 0.103125
19 0.1734375 0.2703125 0.0609375 0.065625
15 0.1125 0.2578125 0.05625 0.078125
7 0.2515625 0.2546875 0.053125 0.071875
9 0.303125 0.271875 0.04375 0.10625
7 0.2171875 0.2296875 0.021875 0.021875
21 0.4390625 0.2671875 0.0453125 0.096875
8 0.4921875 0.278125 0.05 0.11875
20 0.7109375 0.3828125 0.071875 0.1
22 0.6328125 0.334375 0.0640625 0.134375
2 0.559375 0.29375 0.053125 0.0921875
5 0.3890625 0.2578125 0.0390625 0.0765625
6 0.346875 0.2328125 0.0265625 0.0265625