9 0.871875 0.565625 0.0984375 0.1265625
4 0.634375 0.559375 0.05 0.1046875
1 0.3953125 0.5046875 0.05 0.1015625
19 0.2875 0.4234375 0.05625 0.090625
17 0.44375 0.4078125 0.0359375 0.084375
15 0.5390625 0.4609375 0.0375 0.084375
18 0.6765625 0.475 0.0390625 0.0921875
15 0.8328125 0.5078125 0.05625 0.078125
2 0.615625 0.3890625 0.046875 0.0875
20 0.771875 0.4453125 0.0703125 0.0859375
22 0.6953125 0.3890625 0.05 0.0765625
8 0.54375 0.3625 0.04375 0.1
21 0.4859375 0.3578125 0.0453125 0.08125
9 0.390625 0.378125 0.0421875 0.1078125
7 0.303125 0.34375 0.05 0.0765625
7 0.2203125 0.3 0.0546875 0.09375
15 0.184375 0.3859375 0.0484375 0.090625
11 0.1359375 0.30625 0.0484375 0.0828125
14 0.0765625 0.3671875 0.0796875 0.1140625
9 0.021875 0.3296875 0.04375 0.103125
10 0.0578125 0.284375 0.046875 0.040625