0 0.24765625 0.48564198679788173 0.0671875 0.16250130642076394
0 0.57421875 0.7405411602411454 0.0921875 0.19589568787965278
0 0.4328125 0.40867617724298577 0.059375 0.09669446846486114
3 0.378125 0.4318240429343052 0.0671875 0.13437630642076392
15 0.3265625 0.5627116734432637 0.084375 0.15821384992375015
15 0.4296875 0.5204676624253468 0.0859375 0.14262521751493065
15 0.44765625 0.6833306851267704 0.071875 0.16573540919430557
15 0.509375 0.5451754152751385 0.059375 0.15138196846486132
15 0.4734375 0.4061681198722913 0.0671875 0.14687630642076394
22 0.55546875 0.38550882133531206 0.0765625 0.1549070119678472
22 0.56640625 0.560254248197048 0.0796875 0.18935474715020853
18 0.29765625 0.7586969738801039 0.0953125 0.18971842306201392
18 0.25625 0.5838794650463888 0.0671875 0.05312630642076392
21 0.29765625 0.418853223880104 0.0765625 0.1299070119678472
20 0.384375 0.581678572569583 0.0609375 0.15454333605604162
19 0.4984375 0.7563674884134024 0.084375 0.17227634992375015
19 0.26640625 0.6922368257037151 0.084375 0.17383884992375015