19 0.5319864967689588 0.49550811592936694 0.052763936929722276 0.11933180267345414
19 0.36954104815572963 0.49974272461809316 0.06075827488562506 0.1272352093411815
19 0.5400555295383687 0.6071632312619578 0.03335932028847246 0.09098862667090887
19 0.49319871333395887 0.6084899212683211 0.04578658510611113 0.0880090773392725
19 0.37773736749427134 0.6168665899506841 0.057087761017916794 0.1037613466740904
9 0.6034478419430561 0.7119229092536855 0.07020601006798621 0.13046929734245402
9 0.5316455771254173 0.715884250596776 0.07776393692972228 0.11962270401018138
9 0.4567001285121881 0.7191007046069573 0.08077983415618065 0.11497156667727229
9 0.37239786369454925 0.7232074966184113 0.08372299620027786 0.10719542934436319
9 0.28809559887691033 0.7273142886298654 0.08503092306201392 0.09627611067790856
9 0.1850069664680909 0.7300767566438647 0.10047408510611122 0.08864542401336309
9 0.07263425303722285 0.7368545626591366 0.10327177678548619 0.07461928668045381
18 0.7101342530372229 0.7294365785725953 0.0881559230620141 0.09631247334499946
18 0.6539751720151742 0.7339973565802312 0.04258884992375016 0.08484771467218159
15 0.9690562381258683 0.7154446145369605 0.06188752374826336 0.12576361600890867
16 0.9115330988769103 0.7200599365452328 0.07772756933854197 0.11806020401018139
15 0.8412933340592715 0.7240030965547779 0.0587593637914587 0.10846702800763594
16 0.7850615178548617 0.7254388745624138 0.058650261017916705 0.10377952800763594
15 0.7569547016504521 0.7265473885662319 0.04607752583555573 0.10050907733927232
15 0.8486129119471879 0.6020099178867324 0.04604115824437507 0.09894657733927233
15 0.8120396323119102 0.6086871792250503 0.047567290653194406 0.09740225867281786
16 0.7776100809251394 0.6067434185630503 0.05701502583555573 0.10063634667409058
15 0.7448157647207296 0.6079064765675046 0.05061955547083343 0.09431362133990877
15 0.7041725809251395 0.6075979412396861 0.04916615824437507 0.0989829400063634
15 0.6731407864722228 0.6173365679105951 0.05563436379145834 0.10843066534054521
15 0.632533970267813 0.6185905325827766 0.049420731382639006 0.1099204400063634
15 0.5853862133339589 0.6074172225891399 0.047421820288472284 0.09115225867281787
0 0.33258852165458386 0.624425098623502 0.027000217514930647 0.08622840133672707
1 0.28718510267663244 0.6210461072963198 0.06969686379145842 0.10859429734245403
1 0.21545557304135468 0.6281324486394103 0.07612870174736122 0.11647952267663583
1 0.16253059479284776 0.6373443639799554 0.04615026101791675 0.1036340773392725
1 0.0982680730413547 0.6294960486553187 0.09222648043270842 0.13697383601209037
1 0.03427830822371582 0.633366483330682 0.04222648043270845 0.13639203333863606