11 0.0375 0.3734375 0.075 0.0984375
10 0.1796875 0.28125 0.0375 0.071875
11 0.234375 0.2890625 0.0390625 0.065625
15 0.2390625 0.3703125 0.0453125 0.090625
15 0.55 0.503125 0.0515625 0.1109375
1 0.3703125 0.5171875 0.0625 0.1109375
19 0.3140625 0.4140625 0.05625 0.0984375
7 0.3140625 0.296875 0.0453125 0.0953125
7 0.365625 0.3515625 0.0484375 0.1046875
9 0.4359375 0.3921875 0.0484375 0.1015625
21 0.5453125 0.390625 0.0390625 0.08125
8 0.6015625 0.4046875 0.0484375 0.1078125
4 0.6046875 0.6296875 0.0734375 0.134375
9 0.909375 0.70625 0.1484375 0.140625
20 0.8375 0.534375 0.075 0.1
18 0.70625 0.55 0.078125 0.109375
2 0.6703125 0.440625 0.0625 0.0984375
22 0.7578125 0.45625 0.0640625 0.0875
17 0.478125 0.4296875 0.0484375 0.1
5 0.4921875 0.35625 0.0390625 0.053125
6 0.44375 0.3203125 0.0359375 0.0296875
12 0.3765625 0.2921875 0.0328125 0.021875
9 0.1078125 0.296875 0.0390625 0.090625
14 0.1484375 0.3359375 0.0703125 0.1171875