11 0.9325838181779236 0.6278764990679241 0.08801028896022559 0.12425712523071261
11 0.7437513689092724 0.49481726788483027 0.053007997564368026 0.08611677513842757
15 0.7279820929346901 0.5749658428386877 0.06580800649282174 0.10410531153562222
15 0.36850372726853325 0.6354296668696946 0.08033415665497756 0.13156897748246604
17 0.4673173283241935 0.5738692080472511 0.06591710064862308 0.11035531153562221
18 0.1775884009696394 0.6512887970376526 0.09741256249917614 0.12642040252860856
22 0.14973436200941354 0.5308866594684389 0.08310460064862313 0.11145673658176473
20 0.04387587418427817 0.5912152853174604 0.06947847727182856 0.13555557063492074
21 0.40456218384408055 0.5105390908361029 0.0547886858759707 0.09871690468807692
19 0.6387247240221223 0.6028021437338518 0.07216710064862308 0.11075582973421945
14 0.8214457207757115 0.564567365817647 0.08650233603812651 0.12728199568106327
10 0.8023860292176981 0.5009158759966799 0.048293224025417913 0.08425388648947951
9 0.8722445616851019 0.5241216409560746 0.05454322402541791 0.08465440468807692
7 0.6646814776755703 0.48038572562753956 0.05788641233702041 0.09735466378737563
7 0.6006422970746054 0.5223240993170928 0.0580773271096728 0.10829216378737563
9 0.5167036736978108 0.5419171036360294 0.06287392126547413 0.1148425524363235
12 0.5917934025944925 0.4624484515688462 0.038345479707460585 0.05084060919158375
2 0.2503519707757115 0.5279700154208202 0.08477619480442442 0.11780686613141392
8 0.3366752544609316 0.5108709554263575 0.0740296095770769 0.1280434592838688
5 0.46817467045139993 0.4888631523717251 0.046457988635914306 0.06852875693983015
6 0.5247695438281945 0.4675178809339252 0.047584112012708776 0.04362888648947951
4 0.263217983761355 0.728570792718716 0.09829322402541765 0.0874580320782579
1 0.5545600040538945 0.6988575185031392 0.07879893019392785 0.13303134793281668