15 0.314292092942964 0.06544128154309385 0.23983803218308672 0.0958848755244536
16 0.2967332523457885 0.11437568901162667 0.26230289406758567 0.15043066556640988
15 0.3331245843929892 0.23415631536127285 0.2776765217915266 0.17024625809787713
15 0.3443630971303379 0.3991543533286367 0.2538019792168796 0.1622202705454317
15 0.49308908229930226 0.08056048652676011 0.17319683540139544 0.09860621120744355
15 0.5193898663239744 0.24355831661067268 0.14718063861970415 0.10440592531467212
15 0.5269185070373655 0.3155992599719769 0.17483574505632155 0.12204371120744355
15 0.5372989961416023 0.39178325167360717 0.16189870248167465 0.1148465178461393
15 0.5521320384641476 0.46045074130064484 0.1541954631253363 0.11581702199532415
15 0.5691995701430314 0.5308583296829272 0.14082137797604233 0.10236982863402008
16 0.5157346246218477 0.14981997200461303 0.15128898441265975 0.11870522365499818
16 0.3339826080261012 0.32297036162700643 0.24983574505632147 0.12772687137526867
19 0.6872229504648621 0.5390162170302355 0.1458366599070276 0.10741252614450918
19 0.5626328598676866 0.5798402813426012 0.1258083831718224 0.06548513527271585
19 0.6001439315233272 0.6274499097668398 0.09161905347041017 0.08776195435896632
19 0.7216204577543293 0.7434678413052893 0.15888296312533612 0.11617221950581325
19 0.6183808432719402 0.7709873448297742 0.07890053218308672 0.08368976099766208
9 0.4310936467423504 0.6751150473146408 0.30376912822814395 0.18776564482048547
9 0.4464676384444772 0.7697413856969231 0.2991908888718058 0.18897294730999653
9 0.463349499824773 0.8652673732493685 0.29839321337743774 0.19979204813983314
9 0.4832471005614072 0.9363672429510302 0.3000978250098353 0.12726551409793957
9 0.4962662706078934 0.9860479342377418 0.2605111651028077 0.027904131524516273
0 0.6248932872036399 0.8350973890209155 0.06687042574646931 0.06723596680652086
1 0.646522632744494 0.8964259753286052 0.09707137797604233 0.09905465186945542
1 0.6586295128142232 0.9625001693029984 0.09027507475773362 0.07499966139400308
0 0.6545540180100033 0.9962952901538136 0.051638909654926124 0.0074094196923727654
18 0.357322283016266 0.483387643370593 0.2415533514929388 0.14264147635429048
18 0.38325671630430397 0.5505401771887719 0.26673902179152653 0.16941746390673593
18 0.38635458313248155 0.6073229734545056 0.21818155347041018 0.09735228714217126