9 0.2804896771807631 0.6270274186558479 0.1351407191310198 0.2602234104104042
9 0.37424299920703047 0.606677850324701 0.13678510628614954 0.2618769156720761
9 0.4650350955435574 0.5896352925168978 0.13028944482076027 0.2568253946253886
9 0.5596515547249544 0.570802721554915 0.13292312188998173 0.24763240514873247
9 0.6533229895960921 0.5488906532237682 0.13653944482076028 0.2571894156720761
9 0.7316560295101838 0.5333573875093398 0.131278734734852 0.24597889988706037
9 0.8210084565794054 0.5187495849632084 0.14369684757972223 0.24514444198043533
9 0.9102789964934971 0.5025792824170772 0.14912133197588986 0.2594799577654509
19 0.26064640942922435 0.3680164397025353 0.10128361827193721 0.14921031570031093
19 0.4496712878779269 0.3413343004094056 0.0806435696514182 0.1417772472985769
19 0.28480096166778796 0.47004937656247303 0.05088747060135788 0.07929265785015556
19 0.33665338873700945 0.45762570029646615 0.06791119629109836 0.07716871572854593
19 0.4702914043408417 0.4357367477926871 0.0598530348257091 0.07202618942018653
7 0.9614232581406004 0.49076255090351584 0.07715348371879927 0.22613683674699842
1 0.5585350327895442 0.4149244478773917 0.0777775192218769 0.08708974729857691
1 0.6219424355485061 0.3986932321488459 0.07128185775648746 0.0820382262518895
1 0.7332141282215598 0.36870335330847276 0.08492827792830404 0.1046412683452643
1 0.7976893860234759 0.357895384949091 0.08155761646291478 0.09977175782192056
1 0.8760600474888653 0.35803262186549856 0.08353619629109836 0.07807876834526431
0 0.685264629126071 0.395788769051136 0.03872166327441171 0.05521812101845258
1 0.5140414043408417 0.43318860046587526 0.03724105042954129 0.056689615756780755
1 0.6627721534363304 0.4002333453453778 0.025976001809022264 0.04980257892507787
15 0.22567162313317723 0.47819507650600335 0.06355124491161739 0.08314569994353035
15 0.05053882632168051 0.5307116737057582 0.05210913387576941 0.13232665258848364
15 0.10070592265820737 0.5160352527014231 0.07818031094499092 0.12449874203690499
15 0.16600337403768836 0.5059630317112054 0.07834408525525038 0.127623742036905
15 0.0732813647654342 0.6955176263507115 0.0657422659425165 0.2141226841585148
18 0.1358665739468313 0.6785506632530016 0.13679175033868426 0.23228042093374784
18 0.2137459124814421 0.6693129001694091 0.09214099163225704 0.21254477360693613