19 0.6441836849826792 0.6628298713783902 0.20153592378986113 0.1278468258882322
19 0.6844557236535757 0.4051843453235423 0.19438516508343398 0.11036822745980875
20 0.5227070754171693 0.5309184377561097 0.1615793091359686 0.07922523531769166
18 0.5579938794647553 0.6837544933804622 0.11355124491161739 0.08478172249741008
18 0.711503981794176 0.6238808413946009 0.18599945499752552 0.09906685442427943
0 0.6671210594746528 0.32722201116314253 0.18698874491161738 0.08820212903138529
0 0.4227966858871904 0.6766782398658056 0.16552318068726599 0.09499578453190338
3 0.3644784955889858 0.5453704278313123 0.15713747060135788 0.08369441149637406
0 0.3294993080043148 0.4876285483856422 0.0936548247398008 0.06203342721213971
21 0.36355448269868706 0.6318344667064417 0.1324650192218768 0.08878001778268026
15 0.5002831987774892 0.5937801567388631 0.16207063206674716 0.08860023531769165
15 0.32202764472990325 0.4342852245643246 0.14192190637700666 0.09077916542531543
15 0.45557048507353637 0.48414829156121664 0.15992827792830405 0.10720468610347993
15 0.6214887341690252 0.46771642452154333 0.1723530348257091 0.07660965756743252
15 0.4709664337394838 0.40615172415003986 0.16478619629109836 0.08093328453190338
22 0.30900866632662927 0.36431732692168944 0.16946705223856365 0.11076633374611503
22 0.4857415846894235 0.3460511321317572 0.1855900192218769 0.09125435442427943