9 0.4955860155873403 0.09903042045799053 0.13257183540139544 0.08814665665497752
11 0.5502521002324311 0.2322872053610266 0.1261033141140718 0.08491256249917623
11 0.4365445153352387 0.17340885755177723 0.09833894703379294 0.0672614123370204
12 0.36933024614160226 0.34234581818451437 0.07348105866619034 0.04653980925276535
15 0.4458545413141392 0.3527145280064725 0.09477690445914586 0.060956865259119655
15 0.3489642077543292 0.6782287711066136 0.08485560124083733 0.05298072402541756
15 0.2826404492043544 0.8455895949698755 0.06007412252816078 0.05566934740221221
9 0.29869178410154673 0.906172538963521 0.10444683540139543 0.08765573295387127
9 0.3649437588789509 0.5055043372592378 0.08943384059717552 0.05150004464226861
22 0.2938014603522192 0.6971384582004003 0.08129355866619026 0.04667617694751698
18 0.3234618271803968 0.7528020771129681 0.08104218639013112 0.06539890340856669
4 0.35524742272125087 0.8115497857171101 0.08740144703379285 0.06707049756436803
1 0.408126040305733 0.6467645369349262 0.09844820767745457 0.06882391233702041
20 0.27269700267476465 0.7646123303593789 0.04459123416055819 0.03511138555165925
2 0.30660174513319605 0.6368322037361736 0.08049588317182241 0.05758640340856669
8 0.31589461766135674 0.5820492463498473 0.0861995799535138 0.04988299756436802
17 0.36257287570712843 0.5617270637202875 0.08441855866619026 0.04673072402541756
19 0.4175824398212004 0.47805544724335175 0.09110560124083733 0.05308981818121907
7 0.3947615708993359 0.2576298989476351 0.10280792574646949 0.06421823295387145
7 0.3822019507169637 0.40376455925606053 0.10258940445914586 0.06109323295387146
5 0.3439646233613399 0.47075719034349284 0.06646623416055819 0.035493215096963834
6 0.35828920331485375 0.42212877557084055 0.07907549480421991 0.03727390340856669
21 0.3337812401895175 0.5271162844992943 0.07427873416055819 0.035629582791715644
14 0.4701986134739828 0.25007076907801873 0.11876070767745475 0.0691784683433748