14 0.33359375 0.7140625 0.096875 0.43515625
15 0.425 0.71171875 0.0953125 0.4296875
14 0.490625 0.7109375 0.04140625 0.37890625
15 0.54140625 0.715625 0.06484375 0.365625
14 0.61484375 0.69765625 0.1015625 0.4046875
14 0.70234375 0.71875 0.09296875 0.36796875
14 0.321875 0.3984375 0.07109375 0.1875
14 0.40234375 0.3890625 0.06171875 0.19765625
14 0.53359375 0.41484375 0.0671875 0.21484375
14 0.590625 0.4 0.065625 0.20078125
14 0.653125 0.41328125 0.0625 0.234375
14 0.7171875 0.4140625 0.078125 0.221875
14 0.7828125 0.415625 0.075 0.21328125
15 0.278125 0.72265625 0.04140625 0.3578125
15 0.46875 0.40859375 0.06953125 0.2328125
17 0.78515625 0.7125 0.090625 0.3828125
17 0.88203125 0.69765625 0.121875 0.41015625
18 0.778125 0.18515625 0.08125 0.23046875
9 0.965625 0.64609375 0.06875 0.42890625
18 0.85390625 0.403125 0.07421875 0.16484375
18 0.95390625 0.19765625 0.08515625 0.234375
18 0.96953125 0.37890625 0.05703125 0.11015625