14 0.9890625 0.3875 0.021875 0.375
15 0.9453125 0.34453125 0.0625 0.384375
14 0.83671875 0.3640625 0.078125 0.396875
14 0.6921875 0.3328125 0.078125 0.3609375
14 0.95625 0.66328125 0.06875 0.240625
14 0.79765625 0.65 0.05625 0.203125
14 0.73515625 0.6390625 0.065625 0.2421875
14 0.66796875 0.63046875 0.0625 0.225
14 0.6046875 0.634375 0.065625 0.209375
14 0.54140625 0.6390625 0.05625 0.1921875
15 0.87890625 0.671875 0.06875 0.203125
15 0.759375 0.340625 0.0453125 0.375
18 0.51484375 0.8390625 0.059375 0.2421875
18 0.5 0.61484375 0.0234375 0.1875
18 0.45390625 0.6578125 0.059375 0.1125
18 0.3328125 0.81484375 0.065625 0.228125
18 0.32578125 0.64375 0.059375 0.09375
9 0.4390625 0.3828125 0.0859375 0.434375
9 0.35625 0.378125 0.0890625 0.425
9 0.2703125 0.3765625 0.1 0.4171875
9 0.1765625 0.3765625 0.0953125 0.425
9 0.08515625 0.3765625 0.103125 0.40625
9 0.021875 0.378125 0.04375 0.3859375
0 0.2703125 0.634375 0.046875 0.0828125
1 0.21328125 0.64765625 0.06875 0.1171875
1 0.146875 0.646875 0.0625 0.1109375
1 0.03671875 0.65859375 0.0734375 0.14375
0 0.10078125 0.6296875 0.0421875 0.078125
17 0.6171875 0.32890625 0.0625 0.35
17 0.55546875 0.346875 0.08125 0.378125
17 0.50625 0.3359375 0.025 0.334375