18 0.5 0.47734375 0.2078125 0.05
18 0.50625 0.63671875 0.221875 0.05625
18 0.6953125 0.46953125 0.159375 0.03125
18 0.696875 0.51484375 0.15625 0.04375
18 0.7140625 0.6296875 0.178125 0.053125
9 0.88203125 0.4078125 0.234375 0.065625
9 0.89140625 0.478125 0.2171875 0.071875
9 0.8953125 0.553125 0.209375 0.0765625
9 0.903125 0.63671875 0.19375 0.0796875
9 0.9125 0.71875 0.175 0.08125
9 0.91953125 0.82109375 0.1609375 0.096875
9 0.93203125 0.9328125 0.1359375 0.1
17 0.9125 0.30234375 0.175 0.084375
17 0.91953125 0.3578125 0.15625 0.0390625
14 0.8796875 0.0421875 0.21875 0.065625
15 0.89296875 0.103125 0.2125 0.0734375
14 0.9015625 0.17265625 0.196875 0.0546875
15 0.90234375 0.228125 0.184375 0.0546875
14 0.90625 0.25625 0.1875 0.04375
14 0.68359375 0.1640625 0.175 0.04375
14 0.6953125 0.2 0.171875 0.04375
15 0.690625 0.23359375 0.1734375 0.053125
14 0.69453125 0.26640625 0.1625 0.046875
14 0.69296875 0.30625 0.175 0.0453125
14 0.7109375 0.33671875 0.1875 0.0515625
14 0.71328125 0.378125 0.19375 0.0453125
14 0.69453125 0.42421875 0.159375 0.04375
0 0.7265625 0.675 0.153125 0.025
1 0.72265625 0.71875 0.1875 0.065625
1 0.7359375 0.790625 0.203125 0.0734375
1 0.7515625 0.84375 0.18125 0.0421875
1 0.7390625 0.90625 0.2375 0.0875
1 0.74765625 0.97578125 0.240625 0.0484375