14 0.66640625 0.7140625 0.096875 0.434375
15 0.575 0.71171875 0.0953125 0.4296875
14 0.509375 0.7109375 0.0421875 0.378125
15 0.45859375 0.715625 0.065625 0.365625
14 0.38515625 0.69765625 0.1015625 0.4046875
14 0.29765625 0.71875 0.09375 0.36875
14 0.678125 0.3984375 0.071875 0.1875
14 0.59765625 0.3890625 0.0625 0.196875
14 0.46640625 0.41484375 0.0671875 0.215625
14 0.409375 0.4 0.065625 0.2
14 0.346875 0.41328125 0.0625 0.234375
14 0.2828125 0.4140625 0.078125 0.221875
14 0.2171875 0.415625 0.075 0.2125
15 0.721875 0.72265625 0.0421875 0.3578125
15 0.53125 0.40859375 0.06875 0.2328125
17 0.21484375 0.7125 0.090625 0.3828125
17 0.11796875 0.69765625 0.121875 0.409375
18 0.221875 0.18515625 0.08125 0.23125
9 0.034375 0.64609375 0.06875 0.428125
18 0.14609375 0.403125 0.075 0.165625
18 0.04609375 0.19765625 0.0859375 0.234375
18 0.03046875 0.37890625 0.0578125 0.109375