0 0.746875 0.640625 0.284375 0.078125
0 0.75625 0.69453125 0.2875 0.04375
0 0.76015625 0.81328125 0.2875 0.0296875
19 0.7140625 0.75390625 0.403125 0.096875
19 0.7 0.41015625 0.3921875 0.075
19 0.69375 0.32890625 0.3734375 0.078125
1 0.7359375 0.16875 0.29375 0.065625
7 0.68828125 0.253125 0.3921875 0.0984375
9 0.68359375 0.0640625 0.4296875 0.128125
1 0.409375 0.2703125 0.15625 0.071875
0 0.43984375 0.2296875 0.15 0.0265625
0 0.47421875 0.1953125 0.221875 0.0625
1 0.37734375 0.1328125 0.175 0.078125
1 0.36953125 0.06171875 0.15 0.0671875
0 0.39609375 0.0171875 0.13125 0.034375