9 0.66796875 0.11875 0.4359375 0.109375
9 0.67265625 0.2171875 0.421875 0.11875
9 0.6796875 0.3171875 0.3921875 0.1125
9 0.68671875 0.41328125 0.3828125 0.109375
9 0.69140625 0.503125 0.425 0.090625
7 0.721875 0.64921875 0.396875 0.0828125
19 0.7375 0.753125 0.38125 0.0859375
19 0.74140625 0.8328125 0.35625 0.090625
0 0.78515625 0.95 0.2546875 0.0703125
0 0.7796875 0.9875 0.24375 0.025
18 0.21484375 0.19453125 0.2140625 0.075
18 0.3875 0.184375 0.121875 0.05625
18 0.37109375 0.04765625 0.1328125 0.065625
18 0.1796875 0.01796875 0.221875 0.034375
1 0.3828125 0.26015625 0.1125 0.0625
1 0.3890625 0.328125 0.13125 0.06875
1 0.3765625 0.42421875 0.15625 0.065625
1 0.37734375 0.49765625 0.171875 0.0671875
1 0.446875 0.60390625 0.15625 0.0625
1 0.76015625 0.5875 0.28125 0.0375
1 0.43046875 0.5515625 0.096875 0.0453125
0 0.74453125 0.5609375 0.240625 0.009375
9 0.64921875 0.0421875 0.4296875 0.08125