9 0.88125 0.33203125 0.109375 0.4359375
9 0.7828125 0.32734375 0.1203125 0.421875
9 0.6828125 0.3203125 0.1140625 0.3921875
9 0.58671875 0.31328125 0.1109375 0.3828125
9 0.496875 0.30859375 0.0921875 0.425
7 0.35078125 0.278125 0.0828125 0.396875
19 0.246875 0.2625 0.0859375 0.38125
19 0.1671875 0.25859375 0.090625 0.35625
0 0.05 0.21484375 0.0703125 0.2546875
0 0.0125 0.2203125 0.025 0.24375
18 0.80546875 0.78515625 0.075 0.2140625
18 0.815625 0.6125 0.05625 0.121875
18 0.95234375 0.62890625 0.065625 0.1328125
18 0.98203125 0.8203125 0.034375 0.221875
1 0.73984375 0.6171875 0.0625 0.1125
1 0.671875 0.6109375 0.06875 0.13125
1 0.57578125 0.6234375 0.065625 0.15625
1 0.50234375 0.62265625 0.0671875 0.171875
1 0.39609375 0.553125 0.0625 0.15625
1 0.4125 0.23984375 0.0375 0.28125
1 0.4484375 0.56953125 0.0453125 0.096875
0 0.4390625 0.25546875 0.009375 0.240625
9 0.9578125 0.35078125 0.08125 0.4296875