9 0.31328125 0.7578125 0.4265625 0.0890625
9 0.3171875 0.665625 0.425 0.0890625
9 0.31484375 0.575 0.421875 0.084375
9 0.31484375 0.48046875 0.403125 0.0875
9 0.31875 0.38671875 0.415625 0.0890625
9 0.31875 0.30859375 0.4 0.0859375
9 0.3140625 0.21953125 0.396875 0.1
9 0.3109375 0.13046875 0.4171875 0.1015625
18 0.7625 0.72890625 0.2359375 0.075
18 0.74453125 0.54296875 0.228125 0.05625
18 0.58125 0.72421875 0.125 0.0375
18 0.58359375 0.671875 0.11875 0.0546875
18 0.575 0.54140625 0.109375 0.0484375
7 0.303125 0.04921875 0.365625 0.0984375
1 0.58125 0.4515625 0.13125 0.0640625
1 0.584375 0.38828125 0.125 0.0578125
1 0.6 0.27578125 0.1609375 0.065625
1 0.59765625 0.21171875 0.153125 0.065625
1 0.56953125 0.1375 0.1125 0.071875
0 0.56875 0.32734375 0.0875 0.0296875
1 0.56484375 0.49765625 0.090625 0.028125
1 0.56875 0.34921875 0.08125 0.0171875
14 0.58671875 0.78359375 0.128125 0.05
14 0.5546875 0.971875 0.21875 0.0546875
14 0.56484375 0.91015625 0.2 0.05625
14 0.559375 0.8453125 0.20625 0.05625
14 0.26875 0.978125 0.365625 0.04375
17 0.27578125 0.90625 0.3734375 0.0953125
17 0.26484375 0.8296875 0.35625 0.053125