7 0.9078125 0.909375 0.10546875 0.18125
7 0.853125 0.7203125 0.0796875 0.22578125
1 0.4890625 0.6828125 0.0546875 0.184375
1 0.55546875 0.6859375 0.06484375 0.18125
1 0.64140625 0.6875 0.06953125 0.21953125
1 0.71796875 0.6921875 0.07578125 0.20234375
1 0.78359375 0.71015625 0.05234375 0.1859375
18 0.43359375 0.47890625 0.0546875 0.21640625
18 0.2796875 0.47734375 0.0578125 0.2
18 0.325 0.66796875 0.05 0.16875
18 0.421875 0.67421875 0.05546875 0.175
18 0.27265625 0.67578125 0.03984375 0.1546875
0 0.8234375 0.946875 0.059375 0.10546875
9 0.553125 0.88984375 0.08125 0.2203125
9 0.64375 0.8984375 0.08828125 0.203125
9 0.7453125 0.90546875 0.09765625 0.18828125
9 0.1828125 0.87265625 0.07421875 0.2546875
9 0.25 0.8828125 0.078125 0.234375
9 0.32109375 0.88046875 0.07578125 0.2390625
9 0.38984375 0.8859375 0.0796875 0.228125
9 0.47421875 0.8875 0.07890625 0.22421875
9 0.5546875 0.89375 0.08515625 0.21171875
14 0.22578125 0.665625 0.0484375 0.1609375
14 0.68984375 0.8796875 0.6203125 0.240625
14 0.1765625 0.665625 0.04140625 0.165625
14 0.140625 0.696875 0.0546875 0.215625
14 0.096875 0.69765625 0.053125 0.209375
14 0.0625 0.68984375 0.05390625 0.1953125
15 0.025 0.68203125 0.05 0.1828125
14 0.025 0.89296875 0.02578125 0.15078125
15 0.01171875 0.89140625 0.01484375 0.18515625
17 0.07421875 0.903125 0.0640625 0.19375
17 0.1265625 0.91171875 0.0375 0.1765625