0 0.359375 0.253125 0.078125 0.284375
0 0.30546875 0.24375 0.04375 0.2875
0 0.18671875 0.23984375 0.0296875 0.2875
19 0.24609375 0.2859375 0.096875 0.403125
19 0.58984375 0.3 0.0765625 0.3921875
19 0.67109375 0.30625 0.078125 0.3734375
1 0.83125 0.2640625 0.065625 0.2953125
7 0.746875 0.31171875 0.0984375 0.3921875
9 0.9359375 0.31640625 0.128125 0.4296875
1 0.7296875 0.590625 0.071875 0.15625
0 0.7703125 0.56015625 0.0265625 0.15
0 0.8046875 0.52578125 0.0625 0.221875
1 0.8671875 0.62265625 0.078125 0.175
1 0.93828125 0.63046875 0.0671875 0.15
0 0.9828125 0.60390625 0.034375 0.13125