18 0.52265625 0.5 0.05 0.2078125
18 0.36328125 0.49375 0.05625 0.221875
18 0.53046875 0.3046875 0.03125 0.159375
18 0.48515625 0.303125 0.04375 0.15625
18 0.3703125 0.2859375 0.053125 0.178125
9 0.5921875 0.11796875 0.065625 0.234375
9 0.521875 0.10859375 0.071875 0.2171875
9 0.446875 0.1046875 0.0765625 0.209375
9 0.36328125 0.096875 0.0796875 0.19375
9 0.28125 0.0875 0.08125 0.175
9 0.17890625 0.08046875 0.096875 0.1609375
9 0.0671875 0.06796875 0.1 0.1359375
17 0.69765625 0.0875 0.084375 0.175
17 0.6421875 0.08046875 0.0390625 0.15625
14 0.9578125 0.1203125 0.065625 0.21875
15 0.896875 0.10703125 0.0734375 0.2125
14 0.82734375 0.0984375 0.0546875 0.196875
15 0.771875 0.09765625 0.0546875 0.184375
14 0.74375 0.09375 0.04375 0.1875
14 0.8359375 0.31640625 0.04375 0.175
14 0.8 0.3046875 0.04375 0.171875
15 0.76640625 0.309375 0.053125 0.1734375
14 0.73359375 0.30546875 0.046875 0.1625
14 0.69375 0.30703125 0.0453125 0.175
14 0.66328125 0.2890625 0.0515625 0.1875
14 0.621875 0.28671875 0.0453125 0.19375
14 0.57578125 0.30546875 0.04375 0.159375
0 0.325 0.2734375 0.025 0.153125
1 0.28125 0.27734375 0.065625 0.1875
1 0.209375 0.2640625 0.071875 0.203125
1 0.15625 0.2484375 0.0421875 0.18125
1 0.09375 0.2609375 0.0875 0.2375
1 0.02421875 0.25234375 0.0484375 0.240625