9 0.2421875 0.68671875 0.08828125 0.4265625
9 0.334375 0.6828125 0.0890625 0.42421875
9 0.425 0.68515625 0.08359375 0.42109375
9 0.51953125 0.68515625 0.08828125 0.403125
9 0.61328125 0.68125 0.0890625 0.41640625
9 0.69140625 0.68125 0.0859375 0.40078125
9 0.78046875 0.6859375 0.09921875 0.39609375
9 0.86953125 0.6890625 0.1015625 0.4171875
18 0.27109375 0.2375 0.07421875 0.2359375
18 0.45703125 0.25546875 0.05625 0.22890625
18 0.27578125 0.41875 0.03828125 0.12578125
18 0.328125 0.41640625 0.0546875 0.11796875
18 0.45859375 0.425 0.0484375 0.11015625
7 0.95078125 0.696875 0.0984375 0.36640625
1 0.5484375 0.41875 0.0640625 0.13125
1 0.61171875 0.415625 0.0578125 0.125
1 0.72421875 0.4 0.065625 0.1609375
1 0.78828125 0.40234375 0.06484375 0.15390625
1 0.8625 0.43046875 0.07109375 0.1125
0 0.67265625 0.43125 0.0296875 0.0875
1 0.50234375 0.43515625 0.028125 0.09140625
1 0.65078125 0.43125 0.0171875 0.08203125
14 0.21640625 0.41328125 0.04921875 0.12890625
14 0.028125 0.4453125 0.05390625 0.21953125
14 0.08984375 0.43515625 0.05546875 0.19921875
14 0.1546875 0.440625 0.05546875 0.20625
14 0.021875 0.73125 0.04375 0.365625
17 0.09375 0.72421875 0.09453125 0.3734375
17 0.1703125 0.73515625 0.05234375 0.35546875