7 0.0921875 0.090625 0.10625 0.18125
7 0.146875 0.2796875 0.0796875 0.225
1 0.5109375 0.3171875 0.0546875 0.184375
1 0.44453125 0.3140625 0.065625 0.18125
1 0.35859375 0.3125 0.06875 0.21875
1 0.28203125 0.3078125 0.075 0.203125
1 0.21640625 0.28984375 0.053125 0.1859375
18 0.56640625 0.52109375 0.0546875 0.215625
18 0.7203125 0.52265625 0.0578125 0.2
18 0.675 0.33203125 0.05 0.16875
18 0.578125 0.32578125 0.05625 0.175
18 0.72734375 0.32421875 0.040625 0.1546875
0 0.1765625 0.053125 0.059375 0.10625
9 0.446875 0.11015625 0.08125 0.2203125
9 0.35625 0.1015625 0.0875 0.203125
9 0.2546875 0.09453125 0.096875 0.1875
9 0.8171875 0.12734375 0.075 0.2546875
9 0.75 0.1171875 0.078125 0.234375
9 0.67890625 0.11953125 0.075 0.2390625
9 0.61015625 0.1140625 0.0796875 0.228125
9 0.52578125 0.1125 0.078125 0.225
9 0.4453125 0.10625 0.084375 0.2125
14 0.77421875 0.334375 0.0484375 0.1609375
14 0.31015625 0.1203125 0.6203125 0.240625
14 0.8234375 0.334375 0.040625 0.165625
14 0.859375 0.303125 0.0546875 0.215625
14 0.903125 0.30234375 0.053125 0.209375
14 0.9375 0.31015625 0.053125 0.1953125
15 0.975 0.31796875 0.05 0.1828125
14 0.975 0.10703125 0.025 0.15
15 0.98828125 0.10859375 0.015625 0.184375
17 0.92578125 0.096875 0.0640625 0.19375
17 0.8734375 0.08828125 0.0375 0.1765625